nb/pos_calib/new_cals95734.ecsv
# %ECSV 0.9
# ---
# datatype:
# - {name: pos_id, datatype: string}
# - {name: length_r1, datatype: float32, format: 6.4f}
# - {name: length_r2, datatype: float32, format: 6.4f}
# - {name: offset_x, datatype: float32, format: 6.4f}
# - {name: offset_y, datatype: float32, format: 6.4f}
# - {name: arc_t, datatype: float32, format: 6.4f}
# - {name: arc_p, datatype: float32, format: 6.4f}
# - {name: rms_t, datatype: float32, format: 6.4f}
# - {name: rms_p, datatype: float32, format: 6.4f}
# - {name: err.length_r2, datatype: float32, format: 6.4f}
# - {name: err.offset_xy, datatype: float32, format: 6.4f}
# - {name: nfit_t, datatype: float32, format: 2.0f}
# - {name: nfit_p, datatype: float32, format: 2.0f}
# - {name: nprune_t, datatype: float32, format: 2.0f}
# - {name: nprune_p, datatype: float32, format: 2.0f}
# - {name: theta_arc_radius, datatype: float32, format: 6.4f}
# - {name: theta_arc_phi, datatype: float32, format: 6.4f}
# - {name: median_angstep_t, datatype: float32, format: 6.4f}
# - {name: median_angstep_p, datatype: float32, format: 6.4f}
# - {name: rms_angstep_t, datatype: float32, format: 6.4f}
# - {name: rms_angstep_p, datatype: float32, format: 6.4f}
# - {name: max_p, datatype: float32, format: 6.4f}
# schema: astropy-2.0
pos_id length_r1 length_r2 offset_x offset_y arc_t arc_p rms_t rms_p err.length_r2 err.offset_xy nfit_t nfit_p nprune_t nprune_p theta_arc_radius theta_arc_phi median_angstep_t median_angstep_p rms_angstep_t rms_angstep_p max_p
[from data line 971]
M02868 2.9789 3.0959 236.5849 23.3159 330.0334 119.7317 0.0018 0.0019 0.0017 0.0008 15 21 0 0 2.5975 129.4161 29.9920 9.9655 0.1007 0.0799 179.7126
M02869 3.0859 3.0830 262.5185 104.6543 329.8685 120.2874 0.0031 0.0023 0.0020 0.0013 15 21 0 0 2.3410 135.3972 29.9959 9.9997 0.1582 0.1187 179.6284
M02870 3.1045 3.0718 288.7318 131.6084 329.9648 120.0156 0.0032 0.0019 0.0017 0.0013 15 21 0 0 2.5558 131.1146 29.9508 9.9821 0.1215 0.1145 179.9375
M02871 2.9713 2.9864 288.7816 131.6613 330.0009 80.6558 0.0027 0.0023 0.0053 0.0011 15 17 0 4 2.4313 131.8300 30.0319 10.0525 0.1152 0.1343 179.8916
M02872 3.0378 3.0875 179.1640 50.4566 329.8542 120.2599 0.0020 0.0017 0.0015 0.0008 15 21 0 0 2.6291 129.1723 29.9919 10.0361 0.1190 0.0935 180.2807
M02873 3.0056 3.0643 116.7040 14.2204 330.2525 119.8623 0.0033 0.0019 0.0016 0.0014 15 21 0 0 2.4759 131.8658 30.0056 9.9885 0.0725 0.1014 180.0974
M02874 2.9943 3.0616 320.3354 149.6700 330.0256 120.1839 0.0022 0.0032 0.0027 0.0009 15 21 0 0 2.4965 131.3252 29.9644 10.0091 0.1318 0.0866 180.1352
M02875 3.0282 3.0198 158.3203 32.3689 329.7694 120.1315 0.0039 0.0023 0.0019 0.0016 15 21 0 0 2.4097 133.0403 29.9100 10.0261 0.1740 0.0738 179.5922
M02876 3.0050 3.0286 220.9112 140.8495 329.7464 119.9354 0.0021 0.0022 0.0019 0.0009 15 21 0 0 2.5402 130.2055 29.9755 9.9952 0.1205 0.1018 179.4202
M02877 3.0153 3.1291 257.3124 113.6859 329.9566 119.9420 0.0029 0.0019 0.0016 0.0012 15 21 0 0 2.5450 131.1057 30.0210 9.9919 0.0925 0.0659 180.0882
M02878 2.9866 3.0963 257.3946 41.3267 329.8659 120.1260 0.0018 0.0036 0.0031 0.0007 15 21 0 0 2.5516 130.4378 30.0049 10.0199 0.1095 0.0691 179.6400
M02879 2.9339 3.0864 247.0122 41.3421 329.9854 119.6079 0.0025 0.0024 0.0021 0.0010 15 21 0 0 2.5172 130.6477 29.9870 9.9547 0.1164 0.0783 180.0349
M02880 2.9540 3.0972 367.6223 86.4183 330.1476 120.0125 0.0053 0.0028 0.0024 0.0022 15 21 0 0 2.5244 130.7576 29.9872 9.9963 0.1192 0.0675 179.4111
M02881 3.0114 3.0878 299.1923 5.2549 329.9654 119.7698 0.0038 0.0025 0.0022 0.0016 15 21 0 0 2.5794 129.9817 30.0159 9.9770 0.1547 0.0854 179.9301
M02882 3.0024 3.0901 252.2035 122.6426 329.9348 120.2087 0.0017 0.0021 0.0018 0.0007 15 21 0 0 2.4646 132.3032 29.9654 9.9959 0.1469 0.0913 180.0462
M02883 3.0010 3.0418 231.3831 158.8692 329.8192 120.4059 0.0042 0.0024 0.0021 0.0017 15 21 0 0 2.6300 128.4048 30.0305 10.0293 0.1333 0.0689 180.7417
M02884 3.0183 3.1032 189.6361 50.5107 330.0501 120.2650 0.0030 0.0022 0.0019 0.0012 15 21 0 0 2.4767 132.2947 30.0207 10.0267 0.1253 0.0798 180.2365
M02885 2.8737 3.0334 341.1173 41.2666 329.8890 120.2263 0.0027 0.0022 0.0019 0.0011 15 21 0 0 2.6146 127.5435 29.9806 10.0215 0.0523 0.0687 180.1205
M02886 2.8478 3.0193 330.5851 59.3090 329.8850 119.5673 0.0020 0.0024 0.0021 0.0008 15 21 0 0 2.4884 129.9140 29.9443 9.9980 0.1054 0.1253 179.4999
M02887 2.9526 3.0674 325.3210 68.3546 329.9659 120.7607 0.0038 0.0043 0.0037 0.0016 15 21 0 0 2.3697 133.6878 29.9777 10.0368 0.1657 0.0774 180.2289
M02888 2.8328 3.0696 304.7497 176.8543 329.9238 120.3494 0.0032 0.0034 0.0029 0.0013 15 21 0 0 2.4841 130.4221 29.9996 10.0336 0.1743 0.0896 179.8186
M02889 2.5853 3.0957 325.8703 176.8736 330.0027 56.8158 0.0027 0.0026 0.0110 0.0011 15 21 0 0 2.0375 139.1939 29.9848 5.0106 0.0831 0.7304 164.1422
M02890 3.0219 2.9838 257.3980 23.2708 330.0435 119.9403 0.0022 0.0034 0.0029 0.0009 15 21 0 0 2.4145 132.5939 29.9574 9.9861 0.0867 0.0835 180.2491
M02891 2.6655 3.1006 314.8435 32.3323 302.2976 111.1190 0.0027 0.0029 0.0029 0.0011 15 21 0 0 2.4345 130.7613 28.0632 9.3687 2.0151 0.4649 176.2326
M02892 3.0893 3.0541 137.5599 14.2667 329.9836 120.4254 0.0027 0.0033 0.0028 0.0011 15 21 0 0 2.5836 130.2653 29.9944 10.0395 0.1247 0.1424 180.4061
M02893 2.6768 3.0958 257.3365 95.5469 330.0894 120.0794 0.0023 0.0028 0.0024 0.0010 15 21 0 0 2.3002 133.7389 29.9846 9.9892 0.0968 0.0599 179.8385
M02894 3.0705 3.0268 200.0132 32.2692 329.9006 120.0003 0.0038 0.0030 0.0025 0.0016 15 21 0 0 2.8804 123.6241 29.9869 9.9754 0.1023 0.7500 176.3979
M02895 3.0610 3.0999 362.4538 113.6103 329.9883 120.2527 0.0037 0.0028 0.0024 0.0015 15 21 0 0 2.4778 132.5758 29.9959 10.0465 0.1233 0.0889 179.9563
M02896 3.0054 3.0350 168.8221 14.1925 329.9647 120.2160 0.0027 0.0020 0.0017 0.0011 15 21 0 0 2.4455 132.2387 29.9486 10.0139 0.2027 0.0867 180.3130
M02897 2.9233 3.1110 226.0367 113.7784 329.9660 120.0500 0.0039 0.0022 0.0019 0.0016 15 21 0 0 2.4743 131.7074 29.9953 9.9718 0.1243 0.0626 179.4966
M02898 2.7529 3.1157 231.3370 14.2019 329.9846 119.9314 0.0024 0.0019 0.0016 0.0010 15 21 0 0 2.3422 133.4635 29.9898 9.9951 0.1491 0.0884 179.6484
M02899 3.0087 3.0638 179.1766 32.3392 329.8737 119.7546 0.0023 0.0023 0.0020 0.0009 15 21 0 0 2.4668 132.0742 29.9361 9.9747 0.1688 0.0635 178.4931
M02900 2.9625 3.0319 404.6789 41.3403 329.9468 120.2765 0.0031 0.0030 0.0026 0.0013 15 21 0 0 2.5972 128.6657 29.9115 10.0330 0.2144 0.0883 179.9013
M02901 2.9990 3.1250 163.5722 77.7018 330.0205 120.0062 0.0029 0.0040 0.0035 0.0012 15 21 0 0 2.6602 128.5577 29.9721 10.0092 0.1478 0.0992 179.9430
M02902 3.0047 3.0725 267.7353 95.5418 329.9209 120.0210 0.0040 0.0029 0.0025 0.0016 15 21 0 0 2.4293 132.8929 29.9479 9.9966 0.1207 0.1009 179.7767
M02903 3.0123 3.0872 356.8653 32.3226 329.9802 119.9059 0.0025 0.0025 0.0021 0.0010 15 21 0 0 2.5329 130.9464 29.9904 9.9686 0.1515 0.0731 180.1017
M02904 2.9725 3.0681 199.9592 86.6961 329.8695 119.8181 0.0026 0.0021 0.0018 0.0011 15 21 0 0 2.3450 134.3489 30.0031 10.0071 0.1254 0.0891 180.1634
M02905 0.0000 0.0000 0.0000 0.0000 -9.0000 -9.0000 0.0000 0.0000 0.0000 0.0000 0 0 0 0 0.0000 0.0000 0.0000 0.0000 0.0000 0.0000 0.0000
M02906 2.9815 3.1100 252.1178 50.4235 329.9756 119.6542 0.0026 0.0023 0.0020 0.0011 15 21 0 0 2.4643 132.3321 29.9689 9.9867 0.1243 0.0736 179.9140
M02907 3.0813 3.0514 116.7255 32.2960 330.0044 120.3111 0.0014 0.0031 0.0027 0.0006 15 21 0 0 2.5348 131.1745 29.9150 10.0092 0.2138 0.0634 180.2399
M02908 2.9844 3.1101 194.8087 59.5247 330.1047 120.0629 0.0011 0.0032 0.0027 0.0004 15 21 0 0 2.4316 133.0257 29.9683 9.9838 0.1221 0.0719 179.9675
M02909 2.9821 3.0898 299.3189 149.6821 329.9897 120.5052 0.0041 0.0035 0.0030 0.0017 15 21 0 0 2.5340 130.7065 30.0016 10.0244 0.1280 0.0904 180.2930
M02910 3.0000 3.0606 75.0517 32.3363 329.8185 119.8561 0.0022 0.0013 0.0011 0.0009 15 21 0 0 2.5083 131.1174 30.0084 10.0241 0.1587 0.0817 180.4019
M02911 3.0208 3.0783 231.2610 50.4561 330.1792 120.0397 0.0024 0.0028 0.0024 0.0010 15 21 0 0 2.4992 131.6310 29.9853 9.9847 0.1293 0.0679 179.9424
M02912 3.0010 3.1007 236.4438 77.5923 330.0080 120.0560 0.0034 0.0027 0.0023 0.0014 15 21 0 0 2.4691 132.2952 30.0210 10.0099 0.0964 0.0680 179.6422
M02913 3.0172 3.0346 158.3194 104.8717 330.0504 119.9595 0.0028 0.0022 0.0019 0.0011 15 21 0 0 2.5299 130.5789 30.0250 9.9844 0.1189 0.0757 179.7323
M02914 2.9186 3.0663 357.0690 104.4924 330.0161 120.1001 0.0025 0.0026 0.0022 0.0010 15 21 0 0 2.5127 130.4261 30.0390 9.9998 0.1693 0.0882 179.5807
M02915 2.9551 3.1851 80.2614 5.1677 330.1273 119.7038 0.0022 0.0022 0.0019 0.0009 15 21 0 0 2.6233 129.5875 30.0194 9.9557 0.1341 0.0982 179.7083
M02916 3.0115 3.1009 362.5366 131.6559 330.0159 119.9639 0.0026 0.0023 0.0020 0.0011 15 21 0 0 2.4223 133.3344 29.9899 10.0193 0.1105 0.0927 180.1526
M02917 3.0007 3.0479 367.8769 140.7554 330.1704 110.3153 0.0028 0.0022 0.0024 0.0011 15 20 0 1 2.5182 130.8030 30.0205 10.0194 0.1264 0.0866 179.8562
M02918 2.9600 3.1027 304.3925 32.3251 330.0859 120.1024 0.0037 0.0025 0.0021 0.0015 15 21 0 0 2.4665 132.0598 30.0007 9.9973 0.0498 0.0973 180.2106
M02919 2.9317 3.1065 226.1339 41.3892 329.9935 120.0243 0.0032 0.0016 0.0014 0.0013 15 21 0 0 2.5624 129.8816 29.9997 9.9930 0.1279 0.0744 180.1856
M02920 3.0076 3.0799 205.1663 23.2872 330.1083 120.0512 0.0038 0.0028 0.0024 0.0016 15 21 0 0 2.5270 130.9652 30.0100 10.0079 0.0689 0.0765 179.8962
M02921 2.9721 3.0389 90.6292 5.2492 329.9981 120.3468 0.0019 0.0028 0.0024 0.0008 15 21 0 0 2.4899 131.0733 30.0280 9.9987 0.0966 0.0836 179.9010
M02922 3.0822 3.0628 288.6534 59.3665 329.9816 119.6390 0.0042 0.0028 0.0024 0.0017 15 21 0 0 2.6333 129.2525 29.9571 9.9606 0.1008 0.1097 179.6870
M02923 2.9492 3.0875 394.0647 41.3200 330.1956 120.0353 0.0028 0.0020 0.0017 0.0012 15 21 0 0 2.4945 131.2507 30.0219 10.0024 0.0907 0.0921 179.8642
M02925 2.9475 3.0651 378.1718 86.4551 329.9648 120.1463 0.0031 0.0027 0.0023 0.0013 15 21 0 0 2.5617 129.6109 30.0033 10.0314 0.0747 0.0750 180.2730
M02926 3.0644 3.0920 226.1059 23.2631 329.8162 120.0542 0.0035 0.0034 0.0030 0.0014 15 21 0 0 2.5334 131.4041 30.0112 9.9945 0.1578 0.0733 179.9195
M02927 3.0040 3.0907 293.9719 122.5629 330.0202 119.8008 0.0026 0.0019 0.0016 0.0011 15 21 0 0 2.5714 130.1140 29.9910 9.9733 0.0994 0.0744 179.8985
M02928 3.0112 3.0579 351.7319 95.4933 329.6243 120.2342 0.0031 0.0029 0.0025 0.0013 15 21 0 0 2.5489 130.3411 29.9536 10.0316 0.1462 0.0966 179.9423
M02929 3.0194 3.0880 372.8624 77.4711 329.9785 120.2199 0.0047 0.0034 0.0029 0.0019 15 21 0 0 2.5480 130.6986 29.9686 10.0074 0.1137 0.0861 180.2510
M02930 2.8825 3.0133 288.7030 23.3062 329.9271 108.5931 0.0036 0.0024 0.0025 0.0015 15 21 0 0 2.4975 129.9362 30.0195 8.9127 0.1595 1.6667 172.6755
M02931 2.9949 3.1075 283.4061 86.4543 330.4294 119.7563 0.0044 0.0028 0.0024 0.0018 15 21 0 0 2.3441 134.8676 30.0531 9.9541 0.1695 0.1526 180.2589
M02932 3.2115 3.1193 121.8685 41.4022 329.8508 119.8216 0.0041 0.0017 0.0014 0.0017 15 21 0 0 3.0937 121.5141 30.0059 9.9863 0.0984 1.3175 174.0825
M02933 2.9705 3.0572 309.6435 5.2503 329.9080 119.8653 0.0031 0.0029 0.0025 0.0013 15 21 0 0 2.5335 130.3183 29.9359 9.9821 0.1790 0.0814 179.7749
M02934 3.0055 3.0550 278.4082 149.7373 329.8739 120.3129 0.0031 0.0029 0.0025 0.0013 15 21 0 0 2.5175 130.9201 30.0008 9.9945 0.1307 0.1385 180.0454
M02935 2.9797 3.1043 106.1738 68.5900 329.9312 119.8906 0.0028 0.0022 0.0019 0.0012 15 21 0 0 2.5623 130.2371 30.0153 9.9926 0.1059 0.0725 180.2342
M02936 2.9995 3.0938 304.4831 140.6576 329.7976 120.0333 0.0030 0.0022 0.0019 0.0012 15 21 0 0 2.4785 132.0273 29.9388 10.0046 0.1635 0.0728 179.5506
M02937 2.9797 3.1283 272.9627 68.4399 330.0173 120.1964 0.0026 0.0029 0.0025 0.0011 15 21 0 0 2.5467 130.7910 30.0383 10.0579 0.1692 0.1184 180.2476
M02938 2.9965 3.0703 158.3748 14.2536 330.1548 120.2311 0.0027 0.0028 0.0024 0.0011 15 21 0 0 2.4806 131.7498 30.0106 9.9989 0.1553 0.0934 180.2623
M02939 2.9659 3.0802 163.5492 59.6005 330.0215 119.7904 0.0024 0.0020 0.0018 0.0010 15 21 0 0 2.5121 130.9454 29.9428 9.9637 0.1686 0.0796 180.1084
M02940 3.0392 3.0395 388.8404 86.4869 330.1097 110.1773 0.0034 0.0034 0.0037 0.0014 15 20 0 1 2.3317 134.8881 30.0272 9.9989 0.1305 0.0787 180.0903
M02941 3.1269 3.0607 194.8293 41.3354 329.7446 120.3763 0.0020 0.0033 0.0028 0.0008 15 21 0 0 2.6140 130.0343 30.0005 10.0150 0.0929 0.0898 179.2619
M02942 2.9528 3.0397 267.9172 149.7294 329.8290 120.2712 0.0030 0.0024 0.0021 0.0013 15 21 0 0 2.5218 130.2527 29.9682 10.0349 0.1497 0.1049 179.9005
M02943 3.0095 3.1753 236.5485 41.3035 329.9557 119.5465 0.0018 0.0021 0.0018 0.0007 15 21 0 0 2.5031 132.3459 29.9960 9.9709 0.1520 0.1150 179.8128
M02944 2.9691 3.1289 335.8631 68.3823 329.9864 120.0661 0.0034 0.0038 0.0032 0.0014 15 21 0 0 2.6236 129.1173 30.0061 9.9921 0.1064 0.0882 179.7086
M02945 2.5500 3.0501 325.6839 158.6954 330.1898 120.5691 0.0038 0.0030 0.0026 0.0015 15 21 0 0 2.4340 129.4367 30.0683 10.0430 0.1310 0.0989 180.3516
M02946 2.9794 3.0515 362.4575 113.5139 330.0438 119.5198 0.0040 0.0031 0.0027 0.0017 15 21 0 0 2.4288 132.5214 29.9867 9.9446 0.1350 0.1185 179.8658
M02947 2.9399 3.0698 215.5720 95.7127 329.6653 47.7007 0.0027 0.0021 0.0126 0.0011 15 21 0 0 1.1592 157.8940 30.0342 4.1996 0.1917 0.4676 166.2783
M02948 2.9329 3.0912 356.9304 68.3512 330.0875 119.9185 0.0023 0.0022 0.0019 0.0009 15 21 0 0 2.3134 134.9296 30.0346 10.0014 0.1092 0.0670 179.6046
M02951 3.0177 3.1289 373.1845 131.6614 330.1201 119.9993 0.0023 0.0028 0.0024 0.0010 15 21 0 0 2.5661 130.6889 30.0299 9.9966 0.1038 0.1062 179.8124
M02952 2.9291 3.1009 309.5844 41.3120 329.7834 120.1942 0.0026 0.0029 0.0025 0.0011 15 21 0 0 2.2951 135.3699 30.0646 10.0154 0.2318 0.1240 179.9949
M02953 3.0135 3.0558 378.4267 122.6390 329.8768 119.6741 0.0031 0.0030 0.0026 0.0013 15 21 0 0 2.4750 131.8747 30.0294 9.9934 0.1287 0.0963 180.1826
M02954 2.9579 3.0342 372.6883 41.3319 329.9854 119.7852 0.0026 0.0029 0.0025 0.0011 15 21 0 0 2.3558 133.7201 30.0368 9.9453 0.1393 0.0762 180.1772
M02955 3.0978 3.0521 262.6008 122.6263 329.8865 120.2988 0.0027 0.0023 0.0019 0.0011 15 21 0 0 2.7525 126.8295 29.9879 10.0206 0.0786 0.0987 179.7213
M02956 0.0000 0.0000 0.0000 0.0000 -9.0000 -9.0000 0.0000 0.0000 0.0000 0.0000 0 0 0 0 0.0000 0.0000 0.0000 0.0000 0.0000 0.0000 0.0000
M02957 2.9810 3.0554 309.7319 131.5663 330.0843 119.9726 0.0025 0.0038 0.0033 0.0010 15 21 0 0 2.4480 132.1681 29.9972 9.9629 0.1072 0.1106 180.0528
M02958 2.9969 3.0382 273.1692 158.7515 329.8647 120.1372 0.0028 0.0034 0.0030 0.0011 15 21 0 0 2.5109 130.8338 30.0013 10.0171 0.0989 0.0852 179.8336
M02959 2.9647 3.0765 399.3314 32.3630 329.8854 120.0546 0.0027 0.0025 0.0022 0.0011 15 21 0 0 2.4892 131.3773 30.0666 9.9967 0.3139 0.0801 179.7707
M02960 3.0542 3.0732 367.3973 14.2780 330.0784 119.8503 0.0043 0.0034 0.0030 0.0018 15 21 0 0 2.6682 128.3744 30.0150 10.0086 0.0859 0.1131 179.7832
M02961 2.9920 3.1103 304.5596 140.6508 329.9193 120.5194 0.0029 0.0026 0.0023 0.0012 15 21 0 0 2.5180 131.3070 29.9676 10.0394 0.1457 0.1025 179.7197
M02962 3.0034 3.0294 372.7082 59.3978 329.8237 119.9595 0.0037 0.0028 0.0024 0.0015 15 21 0 0 2.4696 131.6718 29.9947 9.9765 0.1445 0.0775 179.8105
M02963 2.9516 3.0424 179.1258 86.6781 329.9921 120.3163 0.0024 0.0033 0.0028 0.0010 15 21 0 0 2.5335 130.0216 29.9537 9.9901 0.0917 0.1061 179.7445
M02964 3.0117 3.0606 320.2181 131.5824 329.7764 69.4281 0.0041 0.0027 0.0090 0.0017 15 16 0 5 2.4823 131.7517 29.9223 9.9250 0.1641 0.0876 179.8896
M02965 2.9052 3.0162 220.8773 50.4934 330.0794 120.5609 0.0024 0.0031 0.0026 0.0010 15 21 0 0 2.6573 126.7119 29.9686 10.0290 0.1329 0.1656 179.7475
M02966 3.0034 3.0679 247.0881 167.8723 330.0903 119.9561 0.0020 0.0030 0.0026 0.0008 15 21 0 0 2.3967 133.5122 29.9602 9.9873 0.1634 0.0900 179.7682
M02967 3.0008 3.0375 367.5986 86.4194 330.0909 70.6432 0.0034 0.0032 0.0104 0.0014 15 16 0 5 2.4862 131.3776 30.0279 10.1058 0.1678 0.0818 179.9276
M02968 2.9382 3.0736 173.9710 41.4247 330.1565 119.9174 0.0023 0.0021 0.0018 0.0009 15 21 0 0 2.3790 133.4460 30.0495 9.9684 0.1077 0.0786 179.9341
M02969 3.0520 3.0450 189.5656 68.5804 329.9717 120.1250 0.0026 0.0018 0.0016 0.0011 15 21 0 0 2.5477 130.6006 29.9719 10.0111 0.1431 0.0835 179.9696
M02970 2.9751 3.0347 268.0278 185.9016 330.1303 119.6988 0.0030 0.0029 0.0025 0.0012 15 21 0 0 2.4623 131.6392 30.0059 10.0158 0.1210 0.0968 179.3736
M02971 2.9377 3.0681 257.4083 23.2696 330.1376 120.3187 0.0031 0.0026 0.0022 0.0013 15 21 0 0 2.4738 131.4120 30.0399 10.0303 0.1476 0.0730 179.5885
M02972 3.0120 3.0718 247.0284 149.8476 330.0728 60.0894 0.0029 0.0027 0.0113 0.0012 15 15 0 6 2.5123 131.2314 30.0503 10.0196 0.1241 0.0695 180.2792
M02973 3.0273 3.0699 111.5009 5.2739 330.0196 119.8907 0.0019 0.0016 0.0014 0.0008 15 21 0 0 2.4930 131.7369 30.0476 9.9940 0.1292 0.0720 180.3141
M02974 2.9885 3.0851 289.0345 185.8991 329.9203 120.1846 0.0026 0.0025 0.0022 0.0011 15 21 0 0 2.4121 133.2346 29.9903 10.0277 0.1946 0.1106 180.6650
M02975 2.9830 3.0109 293.9367 122.5525 329.8466 120.3187 0.0046 0.0030 0.0025 0.0019 15 21 0 0 2.5210 130.2586 29.9594 10.0090 0.2119 0.0743 180.1898
M02976 3.0573 3.0308 200.0146 50.4584 329.9973 120.5241 0.0024 0.0021 0.0018 0.0010 15 21 0 0 2.5703 130.0577 30.0428 10.0525 0.1004 0.0700 180.3111
M02978 2.9669 3.0524 309.6710 77.4757 329.7627 120.3496 0.0033 0.0023 0.0020 0.0014 15 21 0 0 2.1541 138.0918 29.9960 10.0132 0.1103 0.0770 180.1391
