nb/pos_calib/new_cals95734.ecsv
# %ECSV 0.9
# ---
# datatype:
# - {name: pos_id, datatype: string}
# - {name: length_r1, datatype: float32, format: 6.4f}
# - {name: length_r2, datatype: float32, format: 6.4f}
# - {name: offset_x, datatype: float32, format: 6.4f}
# - {name: offset_y, datatype: float32, format: 6.4f}
# - {name: arc_t, datatype: float32, format: 6.4f}
# - {name: arc_p, datatype: float32, format: 6.4f}
# - {name: rms_t, datatype: float32, format: 6.4f}
# - {name: rms_p, datatype: float32, format: 6.4f}
# - {name: err.length_r2, datatype: float32, format: 6.4f}
# - {name: err.offset_xy, datatype: float32, format: 6.4f}
# - {name: nfit_t, datatype: float32, format: 2.0f}
# - {name: nfit_p, datatype: float32, format: 2.0f}
# - {name: nprune_t, datatype: float32, format: 2.0f}
# - {name: nprune_p, datatype: float32, format: 2.0f}
# - {name: theta_arc_radius, datatype: float32, format: 6.4f}
# - {name: theta_arc_phi, datatype: float32, format: 6.4f}
# - {name: median_angstep_t, datatype: float32, format: 6.4f}
# - {name: median_angstep_p, datatype: float32, format: 6.4f}
# - {name: rms_angstep_t, datatype: float32, format: 6.4f}
# - {name: rms_angstep_p, datatype: float32, format: 6.4f}
# - {name: max_p, datatype: float32, format: 6.4f}
# schema: astropy-2.0
pos_id length_r1 length_r2 offset_x offset_y arc_t arc_p rms_t rms_p err.length_r2 err.offset_xy nfit_t nfit_p nprune_t nprune_p theta_arc_radius theta_arc_phi median_angstep_t median_angstep_p rms_angstep_t rms_angstep_p max_p
[from data line 1402]
M03335 2.9956 3.0590 210.4920 32.3342 330.2345 119.7675 0.0035 0.0013 0.0011 0.0014 15 21 0 0 2.7194 126.6343 30.0279 9.9852 0.1511 0.1654 179.2634
M03336 3.0188 3.0419 299.1345 59.4328 178.1053 118.8244 0.0026 0.0028 0.0025 0.0018 15 21 0 0 2.5006 131.2671 16.1182 9.9835 0.7754 0.3781 178.7175
M03337 3.0125 3.0150 205.2340 113.7087 330.0207 120.8229 0.0032 0.0032 0.0027 0.0013 15 21 0 0 2.5059 130.8674 30.0037 10.0621 0.0712 0.0744 179.8295
M03338 2.9486 3.0806 341.0901 5.1811 329.8890 120.0597 0.0037 0.0029 0.0025 0.0015 15 21 0 0 2.3991 133.1666 29.9844 9.9885 0.1117 0.0701 179.9982
M03339 3.0157 3.0379 341.0815 5.1879 329.8781 120.4506 0.0026 0.0031 0.0026 0.0011 15 21 0 0 2.5126 130.9556 29.9686 10.0420 0.1576 0.0910 180.0595
M03340 3.0804 3.0378 346.8311 158.7303 330.1810 120.0350 0.0032 0.0030 0.0026 0.0013 15 21 0 0 2.4671 132.4436 30.0088 10.0185 0.1056 0.0865 180.0326
M03341 3.0042 3.0531 262.8499 176.9079 329.8965 120.1684 0.0023 0.0031 0.0027 0.0010 15 21 0 0 2.4656 131.9701 29.9705 9.9953 0.1554 0.0867 180.1245
M03342 3.0957 3.0310 121.9178 23.3511 330.2169 119.9973 0.0028 0.0018 0.0015 0.0011 15 21 0 0 2.5734 130.3404 30.0364 9.9872 0.1248 0.0729 179.8701
M03343 3.1065 3.0722 158.3514 32.3739 330.0760 120.1916 0.0022 0.0018 0.0016 0.0009 15 21 0 0 2.6260 129.7006 29.9744 10.0233 0.1241 0.1207 179.9282
M03344 3.0230 3.1330 330.6596 77.4167 329.7537 119.7466 0.0028 0.0026 0.0023 0.0011 15 21 0 0 2.5181 131.7512 29.9587 9.9823 0.0968 0.0995 180.0379
M03345 3.0179 3.0823 283.4515 50.3922 329.8991 119.6701 0.0033 0.0031 0.0027 0.0014 15 21 0 0 2.6564 128.3849 29.9698 9.9942 0.1495 0.0554 180.1681
M03346 3.0026 3.0437 184.3644 77.6754 329.8924 119.9929 0.0023 0.0016 0.0014 0.0010 15 21 0 0 2.4110 133.0051 30.0064 9.9910 0.0985 0.0693 179.7718
M03347 3.0244 3.1202 304.3954 68.4597 330.1734 120.1541 0.0022 0.0024 0.0020 0.0009 15 21 0 0 2.7095 127.7000 30.0021 10.0300 0.1543 0.0491 180.3170
M03348 3.0110 3.0583 262.5863 32.2999 174.3902 119.9063 0.0024 0.0027 0.0023 0.0016 15 21 0 0 2.6003 129.2715 14.4671 9.9963 3.5645 0.0924 179.9104
M03349 2.9774 3.0524 272.9949 104.5521 130.8429 118.8848 0.0015 0.0028 0.0024 0.0017 15 21 0 0 2.6649 127.5604 11.8634 10.0369 0.4282 0.4314 178.2070
M03350 2.9631 3.0312 352.1466 167.8062 329.9443 120.2913 0.0037 0.0032 0.0028 0.0015 15 21 0 0 2.4668 131.4158 29.9812 10.0364 0.1313 0.0821 180.3754
M03351 2.8935 3.0301 252.2899 158.8269 329.9935 120.2247 0.0026 0.0023 0.0019 0.0011 15 21 0 0 2.8776 121.9272 30.0042 10.0326 0.1857 1.1231 174.6554
M03352 3.0353 3.1230 179.1534 104.8372 330.2127 120.0610 0.0033 0.0019 0.0017 0.0014 15 21 0 0 2.6775 128.4820 30.0477 10.0068 0.1083 0.0934 179.7747
M03353 3.0074 3.0041 288.8348 149.7345 329.8618 119.8582 0.0025 0.0025 0.0022 0.0010 15 21 0 0 2.4332 132.2485 29.9642 9.9798 0.0634 0.0849 179.9743
M03354 3.1719 3.0573 226.0521 113.6811 330.0604 119.8327 0.0030 0.0030 0.0026 0.0013 15 21 0 0 2.5217 132.2841 30.0276 10.0162 0.1470 0.1188 180.2034
M03355 2.8795 3.0407 273.1492 158.7834 329.6702 120.1405 0.0030 0.0022 0.0019 0.0012 15 21 0 0 2.5072 129.9792 29.9496 10.0080 0.1408 0.1037 179.8339
M03356 2.9942 3.0904 210.5070 32.3868 96.5589 118.5740 0.0026 0.0019 0.0016 0.0051 15 21 0 0 2.5189 131.1213 8.3379 9.9779 0.8786 0.4385 180.3837
M03357 3.0308 3.0756 205.1910 77.5975 329.8356 119.7752 0.0033 0.0026 0.0022 0.0014 15 21 0 0 2.9250 122.7654 29.9699 9.9949 0.1150 1.0718 175.4087
M03358 2.9994 3.0526 257.5269 167.8682 329.9255 120.4369 0.0031 0.0026 0.0023 0.0013 15 21 0 0 2.5103 130.9970 30.0280 10.0383 0.1829 0.0858 179.8010
M03359 3.1209 3.0457 85.5152 32.3079 329.8284 120.0052 0.0026 0.0022 0.0019 0.0011 15 21 0 0 2.4325 133.5546 30.0019 9.9750 0.1239 0.1255 179.9497
M03360 3.1042 3.0160 351.6747 95.5204 330.1356 119.9277 0.0032 0.0027 0.0023 0.0013 15 21 0 0 2.6072 129.5971 29.9514 9.9805 0.1359 0.0741 179.7081
M03361 3.1572 3.0197 373.3609 149.7613 330.2094 120.7285 0.0032 0.0038 0.0033 0.0013 15 21 0 0 2.6556 129.1349 29.9492 10.0460 0.1467 0.1235 181.1735
M03362 3.0153 3.0339 252.2057 32.2892 330.0603 119.9803 0.0013 0.0029 0.0025 0.0005 15 21 0 0 2.5445 130.2523 29.9608 10.0088 0.1022 0.0736 179.9082
M03363 3.1141 3.0541 262.6321 14.2248 329.7203 120.2527 0.0040 0.0020 0.0017 0.0017 15 21 0 0 2.7823 126.3861 29.9576 9.9894 0.1338 0.2206 179.2510
M03364 2.9880 3.0510 126.9904 68.6716 329.9042 120.0522 0.0022 0.0027 0.0023 0.0009 15 21 0 0 2.4845 131.4263 29.9922 9.9976 0.1251 0.0873 179.5298
M03365 2.9736 3.0703 394.0218 41.3674 329.8487 120.0930 0.0036 0.0032 0.0027 0.0015 15 21 0 0 2.5368 130.3971 29.9405 10.0275 0.1125 0.0866 179.8045
M03367 2.9779 3.0617 330.7462 131.5706 330.1550 120.0742 0.0032 0.0024 0.0021 0.0013 15 21 0 0 2.5088 130.9360 30.0901 10.0018 0.1373 0.0959 180.4986
M03368 2.9900 3.0851 388.9346 104.5063 330.0367 120.3068 0.0033 0.0036 0.0031 0.0013 15 21 0 0 2.4838 131.7667 30.0250 10.0452 0.2059 0.1038 179.8278
M03370 2.9636 3.0581 236.5350 59.4381 328.9766 120.6868 0.0024 0.0016 0.0014 0.0010 15 21 0 0 2.4429 132.1635 29.9197 10.0581 0.2163 0.0682 179.6899
M03371 3.0375 3.0287 288.6817 77.4841 330.0523 120.2245 0.0027 0.0021 0.0018 0.0011 15 21 0 0 2.5387 130.5211 29.9919 10.0034 0.1263 0.0779 180.3295
M03374 3.0318 3.0448 267.8466 23.2537 329.7917 120.3077 0.0025 0.0021 0.0018 0.0010 15 21 0 0 2.6275 128.7617 29.9849 10.0354 0.0624 0.0766 180.1471
M03375 3.0505 3.0440 294.1952 158.7415 329.9831 120.6091 0.0033 0.0028 0.0024 0.0013 15 21 0 0 2.5075 131.4101 30.0189 10.0452 0.1468 0.0812 180.0689
M03376 2.9988 3.0539 101.0620 41.3161 329.8556 120.0911 0.0026 0.0030 0.0026 0.0011 15 21 0 0 2.5056 131.1026 30.0078 10.0219 0.1366 0.0843 180.1856
M03377 2.9796 3.0144 383.9199 131.6839 330.0998 120.6869 0.0021 0.0024 0.0020 0.0009 15 21 0 0 2.4327 132.1155 30.0630 10.0592 0.1217 0.0805 180.0309
M03378 2.8786 2.9958 330.5975 5.1852 329.9380 120.4835 0.0031 0.0026 0.0022 0.0013 15 21 0 0 2.4808 130.0886 29.9677 10.0553 0.1299 0.0887 180.1779
M03379 3.0196 3.0065 220.8443 50.4610 90.6637 118.5081 0.0017 0.0021 0.0019 0.0036 15 21 0 0 2.5360 130.2251 8.2423 9.9791 0.3621 0.3925 180.5023
M03380 3.0050 3.0208 101.0551 23.3184 329.7226 120.4195 0.0015 0.0019 0.0016 0.0006 15 21 0 0 2.5144 130.6763 30.0012 10.0587 0.0902 0.0938 179.9893
M03381 3.0418 3.0793 356.8508 50.3261 329.8766 120.1758 0.0032 0.0025 0.0021 0.0013 15 21 0 0 2.5835 130.0741 29.9959 10.0184 0.1029 0.0707 179.7036
M03382 3.0176 3.0368 199.9836 104.7166 330.1109 119.9276 0.0040 0.0028 0.0024 0.0016 15 21 0 0 2.4087 133.1141 30.0392 9.9843 0.1636 0.1083 179.7554
M03384 3.0477 3.0509 278.2020 77.3936 330.1269 119.9078 0.0021 0.0023 0.0020 0.0009 15 21 0 0 2.5812 129.9214 30.0297 9.9861 0.1211 0.0491 179.7688
M03385 3.0389 3.0485 299.4488 167.7571 329.7363 120.0711 0.0019 0.0029 0.0025 0.0008 15 21 0 0 2.4773 131.9727 29.9887 9.9893 0.0971 0.0767 180.3076
M03386 2.9830 3.0264 304.4518 122.5502 330.1053 120.4484 0.0043 0.0027 0.0023 0.0018 15 21 0 0 2.5051 130.7327 30.0001 10.0298 0.0937 0.0850 180.4058
M03387 3.0250 2.9847 314.8516 14.1959 329.7086 120.5241 0.0036 0.0028 0.0024 0.0015 15 21 0 0 2.6282 128.1384 29.9256 10.0492 0.1292 0.0884 180.0501
M03388 3.0399 3.0625 278.3415 131.6109 330.1874 119.8648 0.0031 0.0027 0.0024 0.0013 15 21 0 0 2.5561 130.4743 30.0116 9.9882 0.1110 0.0746 179.9610
M03389 2.9949 3.0466 378.3127 104.4953 330.0218 120.6859 0.0028 0.0034 0.0029 0.0012 15 21 0 0 2.5907 129.2229 30.0098 10.0373 0.1938 0.0928 179.6833
M03390 3.0819 2.9911 294.3727 194.9701 310.9161 118.5813 0.0037 0.0022 0.0019 0.0015 15 21 0 0 2.5460 130.4566 29.5985 9.9709 2.7969 0.4291 180.1102
M03391 3.0447 3.0804 293.9403 32.2857 329.8089 69.4186 0.0033 0.0021 0.0071 0.0013 15 16 0 5 2.5583 130.6281 29.9250 9.9164 0.1370 0.0842 180.0878
M03392 3.0131 3.0283 278.2285 41.3361 251.0928 118.9673 0.0023 0.0033 0.0029 0.0011 15 21 0 0 2.4198 132.7764 18.8925 10.0220 5.7666 0.3885 178.8669
M03393 3.0291 3.0110 367.6837 104.4966 330.0116 120.1209 0.0036 0.0047 0.0040 0.0015 15 21 0 0 2.4716 131.6923 29.9829 10.0044 0.2201 0.1043 179.6738
M03395 3.0956 3.0178 236.5217 41.3152 329.9210 119.7503 0.0026 0.0023 0.0020 0.0011 15 21 0 0 2.4973 131.7998 30.0003 9.9672 0.1279 0.0632 180.2932
M03397 2.9781 3.0638 299.3991 167.8111 330.0424 120.2888 0.0041 0.0030 0.0026 0.0017 15 21 0 0 2.4469 132.2444 30.0448 10.0129 0.1712 0.0633 180.3866
M03398 2.9891 3.0400 404.5895 5.2144 329.9204 120.7661 0.0024 0.0030 0.0026 0.0010 15 21 0 0 2.5355 130.2698 30.0609 10.0843 0.1458 0.0912 179.9794
M03399 2.9870 3.1127 378.0066 50.3485 329.9683 120.1312 0.0040 0.0034 0.0029 0.0016 15 21 0 0 2.5448 130.7379 29.9611 9.9906 0.1529 0.1027 179.5719
M03401 2.9751 3.0564 262.5533 104.5640 330.3075 120.6065 0.0051 0.0034 0.0029 0.0021 15 21 0 0 2.3915 133.3056 30.0139 10.0511 0.1709 0.1000 180.1063
M03402 3.0007 2.9342 330.6232 77.4603 329.7325 120.3841 0.0034 0.0029 0.0025 0.0014 15 21 0 0 2.3722 132.8972 29.9564 10.0337 0.1063 0.0705 180.0618
M03405 2.9306 3.0247 299.0904 41.3843 327.8328 120.0777 0.0029 0.0028 0.0024 0.0012 15 21 0 0 2.6854 126.4214 29.8617 10.0107 0.1744 0.2210 179.3157
M03406 2.9802 3.0600 294.0646 140.6294 329.9425 120.4685 0.0029 0.0029 0.0025 0.0012 15 21 0 0 2.4373 132.4268 29.9739 10.0330 0.0917 0.1193 180.4946
M03407 2.9639 3.0420 314.8902 104.4909 329.8858 120.1439 0.0045 0.0031 0.0027 0.0019 15 21 0 0 2.4713 131.4264 29.9929 9.9925 0.1343 0.0835 180.2195
M03408 2.9703 2.9674 357.1822 122.5756 142.9033 118.9099 0.0031 0.0030 0.0026 0.0030 15 21 0 0 2.3064 134.2850 12.9852 9.9880 1.5162 0.4106 180.2178
M03409 0.0000 0.0000 0.0000 0.0000 -9.0000 -9.0000 0.0000 0.0000 0.0000 0.0000 0 0 0 0 0.0000 0.0000 0.0000 0.0000 0.0000 0.0000 0.0000
M03410 3.0046 3.0558 325.3372 68.4017 330.0057 120.4066 0.0033 0.0031 0.0027 0.0014 15 21 0 0 2.6485 128.1818 29.9681 10.0367 0.0768 0.0822 180.0123
M03412 2.9365 3.0478 346.4789 104.4839 329.9178 120.4556 0.0030 0.0034 0.0029 0.0012 15 21 0 0 2.4511 131.6854 29.9776 10.0482 0.1447 0.0740 179.8418
M03413 3.1134 2.9743 262.5310 86.5165 329.7231 120.3294 0.0027 0.0019 0.0016 0.0011 15 21 0 0 2.6229 129.0199 29.9674 10.0472 0.0971 0.1058 179.6687
M03414 3.0405 3.0409 294.2931 176.8542 330.0804 120.9629 0.0023 0.0021 0.0018 0.0009 15 21 0 0 2.5154 131.1355 30.0076 10.0753 0.1651 0.0868 179.8668
M03415 0.0000 0.0000 0.0000 0.0000 -9.0000 -9.0000 0.0000 0.0000 0.0000 0.0000 0 0 0 0 0.0000 0.0000 0.0000 0.0000 0.0000 0.0000 0.0000
M03416 2.8925 3.0241 320.3079 149.6854 329.7571 120.0094 0.0036 0.0040 0.0035 0.0015 15 21 0 0 2.4054 132.0876 29.9514 9.9721 0.1651 0.0816 179.8396
M03417 2.9796 3.0547 257.4016 23.3023 329.9289 120.1030 0.0028 0.0030 0.0026 0.0011 15 21 0 0 2.5255 130.5352 30.0419 10.0125 0.1081 0.0718 180.0499
M03418 3.0410 3.0339 341.2064 113.5426 271.2975 120.1921 0.0026 0.0039 0.0034 0.0012 15 21 0 0 2.4745 131.9250 24.1982 10.0041 4.0664 0.0641 178.4792
M03419 2.9302 3.0188 394.2106 95.5007 329.8008 120.0553 0.0046 0.0033 0.0028 0.0019 15 21 0 0 2.3915 132.6233 30.0216 9.9941 0.1872 0.0998 179.7684
M03422 3.0139 3.0660 137.4526 86.7097 330.0882 120.3052 0.0032 0.0019 0.0016 0.0013 15 21 0 0 2.5471 130.4741 29.9841 10.0101 0.1210 0.0673 179.8299
M03423 2.9917 3.0161 331.0773 167.7517 329.9152 120.4570 0.0032 0.0022 0.0019 0.0013 15 21 0 0 2.6195 128.3011 30.0176 10.0371 0.1023 0.0995 179.8157
M03424 2.9419 2.9555 320.1422 95.4765 330.1787 120.4206 0.0030 0.0033 0.0028 0.0012 15 21 0 0 2.3174 133.7240 30.0608 10.0650 0.1647 0.1207 180.2695
M03425 2.9412 3.0635 352.0542 149.6911 329.8145 120.1193 0.0039 0.0028 0.0024 0.0016 15 21 0 0 2.5467 129.8612 30.0054 10.0203 0.1074 0.1225 179.9715
M03426 2.9772 3.0570 49.0641 23.3593 330.3225 120.0156 0.0022 0.0024 0.0020 0.0009 15 21 0 0 2.3554 134.0730 30.0606 9.9962 0.1443 0.0691 179.8223
M03427 2.9808 2.9834 325.4179 104.4731 329.6983 119.1047 0.0032 0.0029 0.0025 0.0013 15 21 0 0 2.4122 132.2873 29.9928 10.0161 0.1684 0.4163 176.3541
M03428 3.0166 3.0632 314.8517 50.3787 330.1154 120.2263 0.0024 0.0036 0.0031 0.0010 15 21 0 0 2.4536 132.4061 29.9786 10.0025 0.1535 0.0821 180.3382
M03429 2.8389 3.0086 304.3959 14.1895 329.9991 119.8619 0.0022 0.0033 0.0028 0.0009 15 21 0 0 2.2545 134.7597 30.0305 9.9829 0.1479 0.1038 180.2483
M03430 3.0320 3.0635 43.8539 14.2230 329.9793 120.6809 0.0022 0.0020 0.0017 0.0009 15 21 0 0 2.7166 127.0712 30.0198 10.0896 0.1457 0.0951 180.2005
M03431 2.9778 2.9894 372.9414 95.4521 329.5395 119.6281 0.0026 0.0028 0.0025 0.0011 15 21 0 0 2.3374 133.8793 29.9288 9.9520 0.1097 0.0929 179.5978
M03432 2.9044 3.0051 325.3464 14.2053 330.1727 48.9547 0.0022 0.0021 0.0118 0.0009 15 21 0 0 1.8483 143.5979 29.9792 4.2374 0.1484 0.6828 160.8489
M03433 3.0583 3.0576 210.4572 122.7631 330.0645 119.7439 0.0025 0.0022 0.0019 0.0010 15 21 0 0 2.4896 131.9573 29.9850 9.9905 0.1413 0.1076 179.6716
M03434 2.8482 3.0939 351.9213 131.5708 329.8551 120.3909 0.0026 0.0030 0.0025 0.0011 15 21 0 0 2.3828 132.9412 30.0135 10.0387 0.1234 0.0966 180.1583
M03435 2.9587 3.0461 314.9461 122.5467 329.9901 109.8911 0.0020 0.0030 0.0032 0.0008 15 20 0 1 2.3654 133.6321 30.0046 9.9722 0.1479 0.0888 180.2026
M03436 3.0154 3.0455 168.7592 68.6872 329.5697 120.2755 0.0025 0.0025 0.0022 0.0010 15 21 0 0 2.5243 130.7773 29.9416 10.0224 0.1777 0.0721 180.3393
M03438 3.0212 3.0096 372.7584 41.3338 329.9555 120.2945 0.0021 0.0022 0.0018 0.0009 15 21 0 0 2.4574 131.9075 29.9320 10.0165 0.1388 0.0796 179.8050
M03439 2.8490 3.1007 352.0463 149.7220 330.1604 120.0909 0.0033 0.0032 0.0028 0.0014 15 21 0 0 2.4419 131.7659 30.0462 9.9960 0.1554 0.0889 180.2631
M03440 2.9989 3.0916 320.1777 113.5222 330.0871 120.5032 0.0039 0.0029 0.0024 0.0016 15 21 0 0 2.5620 130.2771 30.0481 10.0354 0.1483 0.0653 180.0051
M03441 2.9645 2.9825 362.8443 167.8251 330.2021 120.7095 0.0032 0.0035 0.0030 0.0013 15 21 0 0 2.4453 131.4437 30.0111 10.0659 0.1264 0.1184 179.9781
M03443 3.0291 3.0521 394.1765 77.4586 330.1148 41.2242 0.0020 0.0025 0.0195 0.0008 15 21 0 0 1.2025 157.1947 30.0159 3.5012 0.0991 0.5273 164.8912
M03444 3.0249 2.9556 267.8518 5.2168 329.3726 38.2905 0.0037 0.0022 0.0205 0.0015 15 21 0 0 1.1426 158.0118 29.9398 3.4133 0.2799 0.9184 164.7474
M03445 2.9731 3.0293 394.0712 59.4267 330.1382 119.9746 0.0017 0.0026 0.0022 0.0007 15 21 0 0 2.4499 131.8326 29.9574 9.9712 0.1503 0.0770 179.9841
M03446 3.0562 3.0056 64.6815 14.2294 329.4311 118.7678 0.0047 0.0022 0.0019 0.0019 15 21 0 0 2.6515 128.1304 29.9100 10.0375 0.1989 0.5077 179.9595
M03447 3.0457 3.0255 304.3806 50.4081 329.9261 119.7977 0.0030 0.0029 0.0025 0.0012 15 21 0 0 2.5259 130.8299 30.0199 9.9897 0.1292 0.0690 180.1908
M03448 3.1128 3.0600 142.6863 41.4608 329.7421 119.4336 0.0031 0.0022 0.0019 0.0013 15 21 0 0 2.4877 132.4770 29.9583 9.9605 0.1080 0.0609 179.5503
M03450 3.0120 3.1048 394.0942 77.4664 329.9126 69.6579 0.0042 0.0029 0.0095 0.0017 15 16 0 5 2.4208 133.4040 30.0058 9.9574 0.1753 0.0673 180.1307
M03451 3.0185 3.0128 367.5670 86.4438 329.8783 120.2480 0.0036 0.0031 0.0026 0.0015 15 21 0 0 2.4979 131.0670 29.9769 10.0174 0.1402 0.0915 179.7524
M03452 3.0925 3.0439 236.5284 131.7037 87.4373 119.0517 0.0022 0.0029 0.0025 0.0050 15 21 0 0 2.6191 129.4761 7.9292 10.0097 0.8204 0.4431 178.4534
M03453 3.0388 3.0610 314.8528 86.4313 330.0094 119.8856 0.0031 0.0020 0.0017 0.0013 15 21 0 0 2.4495 132.6482 29.9905 9.9907 0.1555 0.0743 179.9724
M03454 0.0000 0.0000 0.0000 0.0000 -9.0000 -9.0000 0.0000 0.0000 0.0000 0.0000 0 0 0 0 0.0000 0.0000 0.0000 0.0000 0.0000 0.0000 0.0000
M03455 2.7489 3.0313 111.4692 41.3482 281.1328 38.2003 0.0032 0.0022 0.0205 0.0014 15 21 0 0 1.0627 159.5578 29.4795 3.2207 5.3562 0.5814 164.4959
M03456 0.0000 0.0000 0.0000 0.0000 -9.0000 -9.0000 0.0000 0.0000 0.0000 0.0000 0 0 0 0 0.0000 0.0000 0.0000 0.0000 0.0000 0.0000 0.0000
M03457 3.0858 3.0410 90.6701 23.2922 330.1219 120.5798 0.0034 0.0020 0.0017 0.0014 15 21 0 0 2.8506 124.5505 29.9771 10.0405 0.1653 0.6148 177.5416
