nb/pos_calib/new_cals95734.ecsv
# %ECSV 0.9
# ---
# datatype:
# - {name: pos_id, datatype: string}
# - {name: length_r1, datatype: float32, format: 6.4f}
# - {name: length_r2, datatype: float32, format: 6.4f}
# - {name: offset_x, datatype: float32, format: 6.4f}
# - {name: offset_y, datatype: float32, format: 6.4f}
# - {name: arc_t, datatype: float32, format: 6.4f}
# - {name: arc_p, datatype: float32, format: 6.4f}
# - {name: rms_t, datatype: float32, format: 6.4f}
# - {name: rms_p, datatype: float32, format: 6.4f}
# - {name: err.length_r2, datatype: float32, format: 6.4f}
# - {name: err.offset_xy, datatype: float32, format: 6.4f}
# - {name: nfit_t, datatype: float32, format: 2.0f}
# - {name: nfit_p, datatype: float32, format: 2.0f}
# - {name: nprune_t, datatype: float32, format: 2.0f}
# - {name: nprune_p, datatype: float32, format: 2.0f}
# - {name: theta_arc_radius, datatype: float32, format: 6.4f}
# - {name: theta_arc_phi, datatype: float32, format: 6.4f}
# - {name: median_angstep_t, datatype: float32, format: 6.4f}
# - {name: median_angstep_p, datatype: float32, format: 6.4f}
# - {name: rms_angstep_t, datatype: float32, format: 6.4f}
# - {name: rms_angstep_p, datatype: float32, format: 6.4f}
# - {name: max_p, datatype: float32, format: 6.4f}
# schema: astropy-2.0
pos_id length_r1 length_r2 offset_x offset_y arc_t arc_p rms_t rms_p err.length_r2 err.offset_xy nfit_t nfit_p nprune_t nprune_p theta_arc_radius theta_arc_phi median_angstep_t median_angstep_p rms_angstep_t rms_angstep_p max_p
[from data line 863]
M02733 2.9826 3.0316 336.1028 140.6620 110.0266 118.8558 0.0028 0.0023 0.0020 0.0042 15 21 0 0 2.3506 133.9947 9.8583 9.9882 0.8758 0.4255 179.8071
M02734 3.0025 3.0852 299.5547 185.9008 181.5250 118.4008 0.0025 0.0027 0.0024 0.0017 15 21 0 0 2.5429 130.6418 16.4136 9.9684 1.0950 0.4341 178.8955
M02735 3.0183 3.0817 299.1372 113.5248 329.9255 120.4992 0.0033 0.0019 0.0016 0.0014 15 21 0 0 2.4842 131.9502 30.0548 10.0198 0.1628 0.0993 179.8308
M02736 2.9727 3.0422 231.3498 158.8662 330.1325 120.2197 0.0026 0.0017 0.0015 0.0011 15 21 0 0 2.4812 131.2931 30.0407 10.0001 0.1150 0.1257 180.1127
M02737 3.0176 3.0429 194.7836 59.5404 329.9381 119.9450 0.0020 0.0025 0.0022 0.0008 15 21 0 0 2.4489 132.3358 30.0218 9.9849 0.1475 0.1077 180.4096
M02738 2.9001 3.0300 246.8779 59.4456 330.0585 119.5323 0.0021 0.0037 0.0032 0.0009 15 21 0 0 2.6560 126.8390 30.0047 9.9649 0.1240 0.1498 179.3637
M02739 3.0380 3.0697 241.7318 50.3706 329.9829 119.8017 0.0030 0.0028 0.0024 0.0012 15 21 0 0 2.5164 131.3413 30.0472 9.9956 0.1058 0.0574 179.9435
M02740 3.0213 3.0355 236.4599 131.8134 329.8650 119.9729 0.0028 0.0017 0.0015 0.0012 15 21 0 0 2.4278 132.7399 29.9646 9.9917 0.1082 0.0758 180.1755
M02742 2.9679 3.0759 116.6855 32.3287 329.8491 119.8728 0.0028 0.0024 0.0021 0.0011 15 21 0 0 2.4556 132.0952 30.0126 9.9919 0.1508 0.1001 180.4790
M02743 2.9713 3.0551 299.1185 41.2863 329.8197 120.4415 0.0036 0.0027 0.0023 0.0015 15 21 0 0 2.1766 137.6838 29.9485 10.0370 0.1575 0.0956 180.0093
M02745 3.0965 2.9830 346.3139 32.3452 329.9168 120.2979 0.0031 0.0028 0.0024 0.0013 15 21 0 0 2.5189 131.0908 29.9980 10.0244 0.1255 0.0946 180.3846
M02746 2.9638 3.0500 184.4429 23.2335 330.0870 120.3504 0.0024 0.0029 0.0025 0.0010 15 21 0 0 2.4647 131.6381 30.0139 10.0318 0.1275 0.0938 180.1654
M02747 3.0180 3.0599 378.1497 86.4645 329.9576 118.7004 0.0026 0.0039 0.0034 0.0011 15 21 0 0 2.5391 130.6187 29.9605 10.0216 0.1464 0.5417 179.0420
M02748 2.9542 3.1076 163.5161 5.2274 329.9374 120.0399 0.0027 0.0022 0.0019 0.0011 15 21 0 0 2.3834 133.7807 29.9870 10.0060 0.1284 0.0812 180.3234
M02750 2.9706 3.1216 288.7534 5.2497 329.9687 120.1195 0.0027 0.0025 0.0021 0.0011 15 21 0 0 2.4351 132.9602 29.9940 10.0113 0.1369 0.1114 179.7015
M02751 2.9869 3.1104 283.5272 14.2358 330.1132 119.9290 0.0038 0.0025 0.0022 0.0016 15 21 0 0 2.4923 131.8004 30.0053 10.0259 0.1225 0.0801 179.7735
M02752 2.9776 3.0267 399.2474 32.2791 329.9371 110.0752 0.0041 0.0028 0.0030 0.0017 15 20 0 1 2.4394 132.0658 29.9970 10.0031 0.1816 0.0969 180.4115
M02753 2.9992 3.0944 184.3582 95.6940 330.0267 120.1726 0.0029 0.0033 0.0029 0.0012 15 21 0 0 2.5280 131.0086 29.9733 10.0004 0.1480 0.0704 179.7473
M02754 3.0939 3.0515 75.0628 32.3004 329.9458 120.2402 0.0028 0.0023 0.0020 0.0011 15 21 0 0 2.4519 132.9774 29.9661 9.9957 0.1538 0.1011 180.0900
M02756 3.0101 3.1005 278.2446 131.6684 330.1298 119.9804 0.0024 0.0021 0.0018 0.0010 15 21 0 0 2.5351 131.0046 29.9758 9.9739 0.1220 0.0983 179.6275
M02758 2.9803 3.0100 220.8875 86.6123 330.0235 120.0074 0.0042 0.0024 0.0021 0.0017 15 21 0 0 2.3591 133.6189 30.0077 10.0028 0.1104 0.1005 180.0530
M02759 3.1069 3.1031 273.2512 176.8607 330.0817 120.2027 0.0040 0.0039 0.0033 0.0016 15 21 0 0 2.6648 129.1783 29.9972 10.0095 0.1805 0.0659 179.8806
M02760 2.9810 3.0696 272.9814 50.3961 329.8688 120.1527 0.0027 0.0030 0.0026 0.0011 15 21 0 0 2.6927 127.1741 30.0210 10.0227 0.2167 0.1770 179.5867
M02762 3.0257 3.0626 246.9938 41.4049 329.8252 120.1089 0.0022 0.0027 0.0023 0.0009 15 21 0 0 2.4812 131.9051 30.0250 10.0299 0.1523 0.0698 180.2848
M02763 3.0046 3.0834 299.1735 59.3991 329.8304 118.5554 0.0044 0.0031 0.0027 0.0018 15 21 0 0 2.5441 130.6177 30.0230 9.9993 0.1471 0.5025 178.2113
M02764 3.0646 3.0976 335.8637 14.2556 330.1323 120.1373 0.0028 0.0030 0.0026 0.0012 15 21 0 0 2.5802 130.4955 30.0090 10.0321 0.0688 0.0899 180.0275
M02765 2.9997 3.0217 257.4811 149.7834 329.9452 120.5014 0.0030 0.0029 0.0024 0.0012 15 21 0 0 2.5236 130.4461 30.0162 10.0558 0.1238 0.0729 180.0331
M02766 2.9657 3.0764 220.9239 14.2464 329.8778 120.4581 0.0016 0.0021 0.0018 0.0006 15 21 0 0 2.4538 132.1225 29.9857 10.0406 0.1184 0.0683 180.0749
M02767 2.9948 3.0609 325.3616 14.2252 192.4217 118.9674 0.0020 0.0019 0.0017 0.0012 15 21 0 0 2.5038 131.1705 17.1398 10.0226 2.1785 0.4621 178.2894
M02768 2.8671 3.0471 283.4678 104.5891 329.9237 120.2232 0.0031 0.0018 0.0015 0.0013 15 21 0 0 2.5716 128.5626 29.9935 10.0275 0.0836 0.0777 179.7149
M02769 2.9265 3.0493 106.2607 32.3037 329.8705 120.1341 0.0026 0.0022 0.0019 0.0011 15 21 0 0 2.5885 128.7127 29.9614 10.0061 0.1324 0.0633 180.0940
M02774 3.0009 3.0442 372.9041 95.4910 329.9424 120.3936 0.0031 0.0034 0.0029 0.0013 15 21 0 0 2.5726 129.6316 29.9716 10.0287 0.1374 0.0739 179.6576
M02780 3.0330 3.1083 389.1140 122.7030 329.9828 120.3477 0.0036 0.0021 0.0018 0.0015 15 21 0 0 2.5491 130.9720 29.9694 10.0440 0.0892 0.0964 179.9347
M02781 3.0046 3.1134 189.6058 86.7612 329.9884 120.4327 0.0030 0.0025 0.0021 0.0013 15 21 0 0 2.4886 132.0363 29.9615 10.0096 0.1303 0.1181 180.1586
M02782 2.9685 3.0606 372.8355 77.4093 329.8626 120.5721 0.0049 0.0037 0.0032 0.0020 15 21 0 0 2.3891 133.3417 29.9961 10.0385 0.1850 0.1511 180.2437
M02784 2.9745 3.1098 309.5894 23.2140 330.1663 119.9062 0.0031 0.0031 0.0027 0.0013 15 21 0 0 2.4900 131.7469 30.0038 9.9859 0.1078 0.0646 180.0097
M02785 3.0433 3.0947 346.4067 86.4523 329.9925 119.9286 0.0027 0.0025 0.0021 0.0011 15 21 0 0 2.4987 131.9663 30.0298 10.0075 0.1414 0.0959 179.9238
M02786 3.0282 3.0739 346.3265 50.3177 329.9523 120.3657 0.0030 0.0034 0.0029 0.0012 15 21 0 0 2.6383 128.7732 30.0076 10.0265 0.1751 0.0893 179.9209
M02787 2.9873 3.0610 257.3495 113.6285 330.0230 120.5215 0.0041 0.0029 0.0025 0.0017 15 21 0 0 2.5163 130.8496 30.0592 10.0483 0.2291 0.0789 180.2196
M02789 3.0650 3.1148 283.4337 32.2931 140.0706 118.7273 0.0012 0.0024 0.0020 0.0012 15 21 0 0 2.7667 126.8137 11.8111 9.9556 2.2700 0.4464 177.5588
M02790 3.0014 3.0512 252.2390 32.2876 330.1268 120.6830 0.0027 0.0027 0.0023 0.0011 15 21 0 0 2.5423 130.3352 30.0122 10.0684 0.1481 0.0625 179.5857
M02791 2.9816 3.1645 388.8220 86.5231 329.8708 109.6258 0.0023 0.0022 0.0024 0.0009 15 20 0 1 2.7653 126.6238 29.9446 9.9937 0.1107 0.1935 179.0876
M02792 0.0000 0.0000 0.0000 0.0000 -9.0000 -9.0000 0.0000 0.0000 0.0000 0.0000 0 0 0 0 0.0000 0.0000 0.0000 0.0000 0.0000 0.0000 0.0000
M02793 3.0015 3.0421 356.8608 32.3279 330.0644 120.5449 0.0037 0.0032 0.0028 0.0015 15 21 0 0 2.5814 129.4345 29.9836 10.0498 0.1297 0.0647 180.4188
M02794 3.0174 3.0385 335.8204 32.2920 329.9193 119.7507 0.0027 0.0035 0.0031 0.0011 15 21 0 0 2.5238 130.7430 30.0587 9.9790 0.1607 0.0807 180.1691
M02795 3.0388 3.1057 330.5912 95.5015 329.9918 120.2952 0.0026 0.0020 0.0017 0.0011 15 21 0 0 2.5570 130.8309 29.9443 10.0544 0.1617 0.0904 179.7906
M02796 2.9633 3.0555 247.0346 149.7419 330.1713 120.7706 0.0021 0.0030 0.0025 0.0009 15 21 0 0 2.4587 131.8083 30.0261 10.0429 0.1704 0.0928 180.4229
M02798 3.0124 3.0333 404.6622 41.3676 330.1380 120.7011 0.0033 0.0029 0.0025 0.0014 15 21 0 0 2.5099 130.9426 29.9977 10.0597 0.1595 0.0765 179.8342
M02799 2.9924 3.0800 137.4835 50.4815 329.9925 120.1833 0.0027 0.0017 0.0014 0.0011 15 21 0 0 2.4282 132.8866 29.9610 10.0330 0.1220 0.0609 180.2377
M02801 2.9838 3.0996 215.7196 5.2068 330.2665 119.9774 0.0023 0.0026 0.0023 0.0009 15 21 0 0 2.5003 131.5107 29.9764 9.9879 0.1297 0.0778 179.9735
M02802 3.0186 3.0495 231.3537 140.8105 329.8746 120.1600 0.0027 0.0023 0.0020 0.0011 15 21 0 0 2.5065 131.2091 30.0374 10.0193 0.1608 0.0894 180.1352
M02803 3.1168 3.0079 220.9669 14.2246 329.9194 120.1180 0.0023 0.0022 0.0019 0.0009 15 21 0 0 2.3339 135.2453 29.9787 10.0158 0.1259 0.0792 180.1071
M02804 3.2189 3.0663 247.0588 167.8904 329.8891 120.1068 0.0029 0.0026 0.0022 0.0012 15 21 0 0 2.6872 129.4484 29.9756 10.0076 0.1215 0.0805 179.8569
M02806 3.0384 3.0451 356.8649 32.3186 329.9858 119.8728 0.0032 0.0035 0.0030 0.0013 15 21 0 0 2.5542 130.3494 29.9575 9.9725 0.1430 0.0839 179.7131
M02807 3.0136 3.0771 299.1362 77.4301 329.9271 120.0470 0.0032 0.0035 0.0030 0.0013 15 21 0 0 2.6388 128.6652 29.9702 9.9789 0.1493 0.1027 179.8580
M02808 3.0170 3.0637 283.8866 194.9284 329.9066 120.4812 0.0028 0.0024 0.0021 0.0011 15 21 0 0 2.4972 131.5121 29.9742 10.0520 0.1872 0.0889 179.8717
M02809 0.0000 0.0000 0.0000 0.0000 -9.0000 -9.0000 0.0000 0.0000 0.0000 0.0000 0 0 0 0 0.0000 0.0000 0.0000 0.0000 0.0000 0.0000 0.0000
M02810 2.9762 3.0408 184.3148 59.5405 329.9717 119.9100 0.0026 0.0026 0.0023 0.0011 15 21 0 0 2.4475 132.0114 30.0134 9.9545 0.1259 0.0738 179.9670
M02811 3.0012 3.0741 341.0768 5.2319 329.9453 119.8310 0.0021 0.0035 0.0030 0.0009 15 21 0 0 2.4111 133.2536 29.9814 9.9978 0.1555 0.0881 179.9032
M02812 2.9983 3.0585 147.8927 50.4698 329.9981 119.6880 0.0028 0.0026 0.0023 0.0012 15 21 0 0 2.6475 128.1721 30.0182 9.9240 0.0965 0.1135 180.0663
M02813 2.9844 3.0988 54.2845 14.2451 330.4159 119.3393 0.0036 0.0026 0.0023 0.0015 15 21 0 0 2.4575 132.3907 29.9164 9.9339 0.2011 0.1225 180.2097
M02814 3.0054 3.0663 299.1318 23.3709 330.0695 120.3826 0.0027 0.0033 0.0029 0.0011 15 21 0 0 2.4852 131.6902 30.0054 10.0569 0.1133 0.0665 180.2302
M02815 2.9455 3.0609 142.6528 95.7584 329.9289 119.5463 0.0026 0.0038 0.0033 0.0011 15 21 0 0 2.5810 129.1475 30.0084 9.9526 0.0727 0.0799 180.0009
M02817 3.0389 3.0631 231.3182 140.8544 329.8656 119.5320 0.0023 0.0024 0.0020 0.0010 15 21 0 0 2.5777 130.0241 30.0031 9.9671 0.0975 0.0905 180.0922
M02818 3.0087 3.1008 273.0691 14.2565 329.9490 120.2288 0.0032 0.0028 0.0024 0.0013 15 21 0 0 2.4718 132.3006 30.0015 10.0178 0.1527 0.0885 180.1459
M02819 3.0123 3.0397 236.5464 23.2628 329.7876 120.1358 0.0034 0.0023 0.0019 0.0014 15 21 0 0 2.4683 131.8627 29.9480 9.9940 0.1580 0.0597 180.2690
M02820 2.7420 3.0605 121.9328 23.2536 329.8721 120.6671 0.0029 0.0016 0.0014 0.0012 15 21 0 0 2.5772 127.6108 29.9693 10.0299 0.0861 0.1023 180.3512
M02821 2.9145 3.1066 320.0502 41.2629 330.2145 120.0643 0.0032 0.0032 0.0028 0.0013 15 21 0 0 2.5759 129.4670 30.0124 10.0038 0.0906 0.0909 179.9395
M02822 2.7005 3.0870 404.6255 5.1914 330.3073 119.9078 0.0017 0.0027 0.0024 0.0007 15 21 0 0 2.5699 127.7947 29.9990 9.9969 0.1880 0.0893 179.7893
M02823 3.0414 3.1245 226.1741 5.1945 330.0989 120.0788 0.0038 0.0025 0.0021 0.0016 15 21 0 0 2.5440 131.2882 30.0222 9.9947 0.0671 0.0649 180.2508
M02824 3.0724 3.0658 168.7816 14.2547 329.9017 120.5301 0.0020 0.0026 0.0022 0.0008 15 21 0 0 2.6515 128.8151 29.9761 10.0362 0.1508 0.1193 180.3986
M02825 2.9164 3.0738 314.8608 32.3420 330.1071 120.5114 0.0031 0.0030 0.0026 0.0013 15 21 0 0 2.5157 130.4208 30.0132 10.0248 0.1239 0.0984 180.3687
M02826 3.1110 3.0467 367.8483 122.5948 330.0242 120.1255 0.0023 0.0024 0.0020 0.0009 15 21 0 0 2.8817 124.2051 30.0077 9.9784 0.0858 0.6677 177.0137
M02827 2.9610 3.0731 373.1496 131.6950 329.9520 70.1992 0.0039 0.0035 0.0114 0.0016 15 16 0 5 2.4966 131.1620 29.9876 9.9922 0.1533 0.0785 180.3504
M02828 3.1068 3.0860 378.6377 140.6637 330.2034 120.0725 0.0019 0.0026 0.0022 0.0008 15 21 0 0 2.5609 131.1483 29.9807 9.9934 0.1343 0.0928 179.5772
M02829 3.0188 3.0662 346.7962 158.7104 330.0726 69.9953 0.0037 0.0028 0.0091 0.0015 15 16 0 5 2.5579 130.2924 30.0279 10.0101 0.2227 0.1079 180.0259
M02830 3.0333 3.0486 226.1049 41.3612 329.8977 120.2073 0.0027 0.0012 0.0011 0.0011 15 21 0 0 2.5435 130.5590 30.0584 10.0130 0.1747 0.0731 179.6087
M02831 3.0084 3.0834 220.9707 32.3332 329.9423 119.9810 0.0026 0.0023 0.0020 0.0011 15 21 0 0 2.5538 130.4485 29.9508 9.9952 0.1478 0.0739 179.8259
M02832 2.8565 3.0543 127.0985 14.3010 329.8281 120.5070 0.0028 0.0018 0.0015 0.0011 15 21 0 0 1.9154 142.3726 29.9917 10.0269 0.1311 0.0627 180.3207
M02833 2.9948 3.0675 283.4493 50.3689 329.9002 119.9097 0.0025 0.0021 0.0019 0.0010 15 21 0 0 2.5260 130.7693 29.9971 9.9971 0.1226 0.0990 179.8519
M02834 3.0015 3.0521 153.1678 23.3863 330.2293 119.7802 0.0035 0.0025 0.0022 0.0014 15 21 0 0 2.5926 129.2928 30.0331 9.9570 0.1041 0.0909 179.6828
M02835 2.9958 3.0526 299.1219 77.4285 330.2451 120.3617 0.0031 0.0023 0.0020 0.0013 15 21 0 0 2.5035 131.1103 30.0953 10.0373 0.2324 0.0526 179.5308
M02836 2.9899 3.0441 215.6625 95.6461 330.0319 119.8747 0.0025 0.0018 0.0016 0.0010 15 21 0 0 2.4711 131.6596 29.9703 9.9903 0.1498 0.0742 180.1626
M02837 3.0151 3.0598 231.2492 50.4145 329.9593 120.0584 0.0027 0.0023 0.0020 0.0011 15 21 0 0 2.4474 132.4918 29.9812 9.9980 0.1324 0.0682 179.7302
M02839 3.0304 3.0379 383.3252 23.2584 330.1638 120.1954 0.0021 0.0027 0.0023 0.0009 15 21 0 0 2.4758 131.8425 30.0186 10.0020 0.1169 0.0851 179.8990
M02840 3.0208 3.0171 372.7061 5.2104 330.0627 120.2180 0.0021 0.0030 0.0026 0.0009 15 21 0 0 2.4943 131.2007 30.0202 9.9842 0.0903 0.1296 180.2491
M02841 2.8759 3.0486 200.0687 14.1727 330.0117 120.2853 0.0020 0.0023 0.0020 0.0008 15 21 0 0 1.6331 148.1680 29.9696 10.0073 0.1450 0.0980 178.3543
M02842 3.0091 3.0598 231.3392 122.7411 330.1415 120.3353 0.0029 0.0020 0.0017 0.0012 15 21 0 0 2.4529 132.3291 29.9547 10.0404 0.2035 0.1008 180.0229
M02843 3.0279 3.0790 236.5697 23.2876 329.9471 120.3248 0.0030 0.0019 0.0016 0.0012 15 21 0 0 2.5855 129.9140 29.9977 10.0390 0.1106 0.1044 180.4144
M02846 3.0335 3.0905 252.1047 68.4852 329.9764 119.9683 0.0024 0.0023 0.0019 0.0010 15 21 0 0 2.5700 130.3846 29.9653 9.9811 0.1489 0.0804 179.9232
M02848 3.0285 3.0162 215.6271 5.1961 329.9419 120.0066 0.0051 0.0027 0.0023 0.0021 15 21 0 0 2.4356 132.4781 29.9475 10.0096 0.1633 0.0782 181.2877
M02849 2.9661 3.0918 262.5485 104.5722 329.9366 119.6854 0.0022 0.0025 0.0021 0.0009 15 21 0 0 2.5169 130.9563 29.9396 9.9820 0.1252 0.0872 180.1100
M02850 3.0320 3.1172 252.1038 68.4935 329.8424 120.2342 0.0032 0.0021 0.0018 0.0013 15 21 0 0 2.6585 128.7911 29.9880 10.0218 0.1380 0.0644 179.7425
M02851 3.0002 2.9770 179.1532 68.6894 330.1867 120.2177 0.0022 0.0020 0.0017 0.0009 15 21 0 0 2.5287 129.9472 30.0506 10.0034 0.2095 0.0691 180.1873
M02852 3.0518 3.0685 158.2113 50.4876 329.8791 119.7709 0.0040 0.0021 0.0018 0.0016 15 21 0 0 2.6345 129.0073 30.0550 9.9786 0.1713 0.0643 179.7133
M02853 3.0500 3.0659 273.1923 176.8913 330.1777 119.9356 0.0035 0.0026 0.0022 0.0014 15 21 0 0 2.5730 130.2417 30.0306 10.0291 0.1004 0.1155 179.4320
M02854 3.0253 3.0878 341.1057 23.2414 329.9131 119.7641 0.0031 0.0028 0.0024 0.0013 15 21 0 0 2.5892 129.8939 29.9739 10.0076 0.1039 0.1216 179.3438
M02855 3.0469 3.1144 278.2677 59.3872 329.7257 120.1970 0.0035 0.0025 0.0021 0.0015 15 21 0 0 2.6793 128.4619 29.9912 10.0284 0.1330 0.0532 180.1651
M02856 2.9928 3.1225 168.7233 86.6634 329.8476 120.1993 0.0021 0.0019 0.0017 0.0009 15 21 0 0 2.5864 130.0138 29.9580 10.0226 0.0863 0.0637 180.0872
M02857 3.0261 3.1016 158.2723 50.4832 329.9652 119.6195 0.0028 0.0018 0.0016 0.0011 15 21 0 0 2.6144 129.5085 29.9767 9.9584 0.1007 0.0773 180.0427
M02859 3.0603 3.0807 189.5870 68.5817 330.1252 120.0158 0.0023 0.0036 0.0031 0.0010 15 21 0 0 2.5862 130.1888 29.9977 9.9861 0.1200 0.0955 180.0995
M02860 2.9783 3.0418 184.2896 95.7511 330.0055 119.4122 0.0025 0.0031 0.0027 0.0010 15 21 0 0 2.4208 132.5942 30.0388 9.9330 0.1246 0.1026 180.5975
M02861 2.9311 3.0990 388.8601 86.4432 329.8685 110.8662 0.0024 0.0034 0.0035 0.0010 15 20 0 1 2.7664 125.4703 29.9758 10.0398 0.2221 0.3944 178.4946
M02863 3.0090 3.0822 246.9542 41.3163 329.8466 120.2035 0.0039 0.0024 0.0021 0.0016 15 21 0 0 2.1038 139.6123 29.9777 10.0122 0.1571 0.1222 180.4237
M02864 3.0468 3.1182 210.4152 122.8419 330.0285 60.1086 0.0027 0.0027 0.0114 0.0011 15 15 0 6 2.5249 131.6641 29.9991 10.0288 0.0991 0.1017 180.4851
M02865 2.9724 3.0086 283.6578 158.7931 330.0012 121.7127 0.0020 0.0040 0.0038 0.0008 15 19 0 0 2.5033 130.5188 30.0878 10.0946 0.1787 3.4355 180.0304
M02866 0.0000 0.0000 0.0000 0.0000 -5.0000 -8.0000 0.0000 0.0000 9.9900 0.0000 3 21 12 0 0.0000 0.0000 0.0000 0.0000 0.0000 0.0000 0.0000
