nb/pos_calib/new_cals100841.ecsv
# %ECSV 0.9
# ---
# datatype:
# - {name: pos_id, datatype: string}
# - {name: length_r1, datatype: float32, format: 6.4f}
# - {name: length_r2, datatype: float32, format: 6.4f}
# - {name: offset_x, datatype: float32, format: 6.4f}
# - {name: offset_y, datatype: float32, format: 6.4f}
# - {name: arc_t, datatype: float32, format: 6.4f}
# - {name: arc_p, datatype: float32, format: 6.4f}
# - {name: rms_t, datatype: float32, format: 6.4f}
# - {name: rms_p, datatype: float32, format: 6.4f}
# - {name: err.length_r2, datatype: float32, format: 6.4f}
# - {name: err.offset_xy, datatype: float32, format: 6.4f}
# - {name: nfit_t, datatype: float32, format: 2.0f}
# - {name: nfit_p, datatype: float32, format: 2.0f}
# - {name: nprune_t, datatype: float32, format: 2.0f}
# - {name: nprune_p, datatype: float32, format: 2.0f}
# - {name: theta_arc_radius, datatype: float32, format: 6.4f}
# - {name: theta_arc_phi, datatype: float32, format: 6.4f}
# - {name: median_angstep_t, datatype: float32, format: 6.4f}
# - {name: median_angstep_p, datatype: float32, format: 6.4f}
# - {name: rms_angstep_t, datatype: float32, format: 6.4f}
# - {name: rms_angstep_p, datatype: float32, format: 6.4f}
# - {name: max_p, datatype: float32, format: 6.4f}
# schema: astropy-2.0
pos_id length_r1 length_r2 offset_x offset_y arc_t arc_p rms_t rms_p err.length_r2 err.offset_xy nfit_t nfit_p nprune_t nprune_p theta_arc_radius theta_arc_phi median_angstep_t median_angstep_p rms_angstep_t rms_angstep_p max_p
[from data line 539]
M02326 3.0227 3.0462 257.3716 131.7108 299.7535 110.3798 0.0023 0.0018 0.0024 0.0012 11 12 3 8 1.5576 150.2595 30.0889 10.0587 14.8447 17.2176 180.4348
M02328 0.0000 0.0000 0.0000 0.0000 -9.0000 -9.0000 0.0000 0.0000 0.0000 0.0000 0 0 0 0 0.0000 0.0000 0.0000 0.0000 0.0000 0.0000 0.0000
M02330 3.0058 3.0904 173.9118 113.8049 300.2011 109.4483 0.0022 0.0019 0.0026 0.0011 11 12 3 8 1.5707 150.1796 30.2512 9.9707 14.7915 17.1398 180.2731
M02331 2.9938 3.0280 320.1210 23.2819 298.9701 109.2428 0.0022 0.0015 0.0020 0.0011 11 12 3 8 1.5760 149.6633 30.1483 9.9543 14.7632 17.0866 179.5200
M02333 3.1105 3.0621 137.4904 86.7550 299.9491 109.8807 0.0031 0.0019 0.0026 0.0015 11 12 3 8 1.6129 149.7195 30.2867 10.0020 14.7873 17.2587 179.6739
M02334 2.8980 3.0459 59.4247 5.2108 299.8610 110.6453 0.0020 0.0012 0.0014 0.0010 11 14 3 6 1.5540 149.8190 30.1359 10.0092 14.8563 16.2012 177.9319
M02335 2.9662 3.0875 199.9320 68.5993 269.5019 110.1212 0.0020 0.0012 0.0016 0.0011 10 12 4 8 1.5596 150.2273 44.8843 10.0034 14.8931 17.3229 180.1767
M02336 3.0383 3.0436 246.9768 41.3673 299.6669 109.8309 0.0014 0.0015 0.0021 0.0007 11 12 3 8 1.5708 150.0645 30.1282 10.0125 14.7279 17.2577 179.9396
M02338 2.9574 3.0548 394.2456 95.4716 269.0102 109.7840 0.0019 0.0016 0.0021 0.0011 10 12 4 8 1.5659 149.8619 44.8167 9.9801 14.9793 17.1504 179.5454
M02339 3.0128 3.0616 121.8866 5.1729 270.3037 109.7056 0.0017 0.0011 0.0014 0.0009 10 12 4 8 1.5617 150.2182 45.0305 10.0136 14.9568 17.1172 180.4184
M02340 3.0018 3.1443 241.7907 158.8150 300.3184 109.6976 0.0010 0.0016 0.0021 0.0005 11 12 3 8 1.6186 149.5751 30.1261 10.0512 14.8970 17.2304 179.1198
M02341 2.9914 3.0672 231.3412 32.3440 300.2369 109.3983 0.0020 0.0014 0.0018 0.0010 11 12 3 8 1.5592 150.2081 30.2564 9.9824 14.7528 17.1525 180.2865
M02343 3.0077 3.0734 346.5307 104.5062 300.2525 109.4251 0.0013 0.0015 0.0020 0.0006 11 12 3 8 1.5704 150.0929 30.0189 9.9779 14.9546 17.1435 179.8118
M02344 3.1810 3.0789 309.7333 131.5742 300.4371 110.9471 0.0025 0.0018 0.0024 0.0013 11 12 3 8 1.6316 149.8404 30.1336 10.0972 14.8800 17.3536 180.3300
M02345 3.0153 3.1054 220.8024 68.5765 299.7675 109.4093 0.0015 0.0014 0.0019 0.0007 11 12 3 8 1.5701 150.3190 30.0822 9.9579 14.7819 17.1481 179.7448
M02346 2.9963 3.0111 304.9421 194.9262 300.3847 109.9402 0.0017 0.0019 0.0024 0.0009 11 14 3 6 1.5766 149.5715 30.1395 9.9512 14.8864 16.0397 177.2690
M02348 3.0252 3.0551 320.1520 5.2264 299.7017 109.7226 0.0022 0.0012 0.0017 0.0011 11 12 3 8 1.5799 149.8834 30.3770 10.0082 14.7196 17.2025 179.7292
M02349 2.9942 3.0259 325.5191 140.6604 300.4500 110.0031 0.0027 0.0009 0.0012 0.0013 11 12 3 8 1.5657 149.8571 30.2233 10.0971 15.0228 17.2376 180.3731
M02350 2.9793 3.0955 383.3074 5.2157 300.4858 109.8137 0.0033 0.0017 0.0022 0.0016 11 12 3 8 1.5737 150.0513 30.2451 10.0013 14.7988 17.1916 179.7570
M02351 0.0000 0.0000 0.0000 0.0000 -9.0000 -9.0000 0.0000 0.0000 0.0000 0.0000 0 0 0 0 0.0000 0.0000 0.0000 0.0000 0.0000 0.0000 0.0000
M02353 2.9659 3.0647 268.0032 167.8702 299.5996 109.7142 0.0021 0.0012 0.0017 0.0011 11 12 3 8 1.5424 150.4195 30.2967 10.0343 14.7643 17.3073 180.0519
M02358 0.0000 0.0000 0.0000 0.0000 -9.0000 -9.0000 0.0000 0.0000 0.0000 0.0000 0 0 0 0 0.0000 0.0000 0.0000 0.0000 0.0000 0.0000 0.0000
M02359 2.8820 3.0615 299.1690 113.5646 300.4127 108.1060 0.0041 0.0063 0.0088 0.0021 11 12 3 8 1.5276 150.4097 30.6853 9.9359 14.8514 16.9562 179.9632
M02360 2.9885 3.0769 199.9877 14.2679 300.4680 109.9743 0.0018 0.0020 0.0026 0.0009 11 12 3 8 1.5707 150.0290 30.3223 10.0268 14.8581 17.2576 180.4770
M02361 0.0000 0.0000 0.0000 0.0000 -9.0000 -9.0000 0.0000 0.0000 0.0000 0.0000 0 0 0 0 0.0000 0.0000 0.0000 0.0000 0.0000 0.0000 0.0000
M02364 2.9814 3.0968 330.5503 59.4026 300.4109 109.8586 0.0016 0.0020 0.0027 0.0008 11 12 3 8 1.5814 149.9163 30.1812 9.9989 14.8996 17.1518 180.5133
M02367 0.0000 0.0000 0.0000 0.0000 -9.0000 -9.0000 0.0000 0.0000 0.0000 0.0000 0 0 0 0 0.0000 0.0000 0.0000 0.0000 0.0000 0.0000 0.0000
M02368 3.2391 3.1186 314.9391 86.4491 300.1608 109.1375 0.0020 0.0019 0.0021 0.0010 11 19 3 1 1.6535 149.9268 30.0868 9.9648 14.9701 2.3048 177.1649
M02369 0.0000 0.0000 0.0000 0.0000 -9.0000 -9.0000 0.0000 0.0000 0.0000 0.0000 0 0 0 0 0.0000 0.0000 0.0000 0.0000 0.0000 0.0000 0.0000
M02370 2.8595 3.0571 194.8118 113.7582 299.9524 110.1027 0.0017 0.0020 0.0026 0.0008 11 12 3 8 1.5289 150.2893 30.3252 10.0206 14.7724 17.2485 180.1920
M02372 0.0000 0.0000 0.0000 0.0000 -9.0000 -9.0000 0.0000 0.0000 0.0000 0.0000 0 0 0 0 0.0000 0.0000 0.0000 0.0000 0.0000 0.0000 0.0000
M02373 2.9125 3.0557 341.0960 5.2372 300.4476 110.3045 0.0028 0.0020 0.0024 0.0014 11 14 3 6 1.5573 149.8713 30.3644 10.0772 14.8179 16.4691 170.7562
M02374 2.9880 3.0855 325.3852 14.2134 299.8412 109.5515 0.0016 0.0014 0.0019 0.0008 11 12 3 8 1.5902 149.6972 30.3063 10.0142 14.7470 17.1327 180.1317
M02376 3.0035 3.0982 346.4993 86.4699 300.2010 110.0256 0.0033 0.0022 0.0029 0.0017 11 12 3 8 1.5754 150.1257 30.2360 10.0197 14.8326 17.1674 180.5769
M02377 3.1602 3.0823 179.0853 86.6524 300.2088 109.5750 0.0010 0.0017 0.0023 0.0005 11 12 3 8 1.6087 150.1656 30.1618 9.9796 14.8960 17.1834 179.9995
M02378 2.9879 3.1355 362.6825 149.7563 299.8520 109.8484 0.0013 0.0018 0.0025 0.0007 11 12 3 8 1.5628 150.5537 30.4090 10.0352 14.7839 17.1967 180.6152
M02379 3.0123 3.0652 341.1135 5.2296 299.9628 109.4713 0.0012 0.0017 0.0023 0.0006 11 12 3 8 1.5629 150.2137 30.2117 10.0028 14.8272 17.1420 179.7658
M02380 2.9656 3.1406 173.8885 95.7031 299.4384 109.7869 0.0012 0.0017 0.0022 0.0006 11 12 3 8 1.5803 150.1779 30.1682 10.0182 14.7352 17.2155 180.4845
M02381 2.9824 3.0742 267.9703 167.8912 299.6425 109.9961 0.0017 0.0026 0.0034 0.0008 11 12 3 8 1.5690 150.0208 30.0669 10.0263 14.8258 17.2124 179.8524
M02382 2.9346 3.1084 294.2597 176.8645 300.4518 110.0610 0.0016 0.0009 0.0013 0.0008 11 12 3 8 1.5969 149.5277 30.2475 10.0429 14.9345 17.2072 179.5458
M02384 0.0000 0.0000 0.0000 0.0000 -9.0000 -9.0000 0.0000 0.0000 0.0000 0.0000 0 0 0 0 0.0000 0.0000 0.0000 0.0000 0.0000 0.0000 0.0000
M02385 3.0132 3.1030 158.2770 104.7723 300.7504 109.2711 0.0015 0.0018 0.0022 0.0007 11 14 3 6 1.5752 150.1981 30.2641 9.9780 14.8294 15.8731 178.6182
M02386 2.9203 3.0956 357.0106 86.4513 299.7893 109.9456 0.0010 0.0019 0.0025 0.0005 11 12 3 8 1.5396 150.5276 30.3322 10.0393 15.0132 17.2043 180.4786
M02387 2.9661 3.0295 199.9768 50.4640 299.4549 109.9221 0.0015 0.0014 0.0018 0.0007 11 12 3 8 1.5584 149.8925 30.1723 10.0067 14.7548 17.2428 179.4260
M02390 2.9917 3.1060 106.3184 14.3377 299.7205 109.5493 0.0015 0.0018 0.0024 0.0008 11 12 3 8 1.5995 149.6595 30.3643 9.9804 14.7718 17.1269 179.6930
M02392 2.9528 3.1000 304.5073 122.5569 300.8399 109.3907 0.0009 0.0011 0.0014 0.0005 11 12 3 8 1.5426 150.5995 30.2492 9.9792 14.8881 17.1201 180.2349
M02393 3.0291 3.0912 325.3912 86.4642 300.4405 109.8571 0.0023 0.0012 0.0016 0.0011 11 12 3 8 1.5945 149.8191 29.9542 9.9873 15.0157 17.1929 179.6524
M02394 2.9878 3.0953 273.0606 14.2653 299.9673 109.8186 0.0012 0.0017 0.0023 0.0006 11 12 3 8 1.5722 150.1100 30.3077 10.0261 14.7735 17.2062 179.7681
M02395 3.0082 3.0751 231.4138 158.8269 300.0379 110.0836 0.0015 0.0013 0.0017 0.0008 11 12 3 8 1.5636 150.2390 30.1304 10.0527 14.8585 17.2989 179.8382
M02397 3.0126 3.0986 283.6885 158.7189 299.8557 109.9667 0.0026 0.0013 0.0018 0.0013 11 12 3 8 1.6011 149.6644 30.2258 10.0682 14.8249 17.2155 179.4062
M02398 3.0318 3.0811 314.8203 50.3311 300.0125 109.8989 0.0010 0.0021 0.0028 0.0005 11 12 3 8 1.5792 150.0700 30.1260 10.0344 14.8414 17.2125 179.9852
M02401 2.9421 3.1012 267.8715 131.6604 300.2214 110.0255 0.0018 0.0007 0.0009 0.0009 11 12 3 8 1.5874 149.6892 30.1202 10.0584 14.9029 17.2494 179.6216
M02402 3.0090 3.1163 205.0949 59.5542 300.3297 109.6742 0.0019 0.0006 0.0008 0.0009 11 12 3 8 1.5876 150.0216 29.9837 9.9938 15.0954 17.1798 179.6716
M02403 2.8587 3.0700 225.9953 95.6523 300.2826 110.4122 0.0020 0.0014 0.0018 0.0010 11 12 3 8 1.5552 149.8537 30.1324 10.0706 14.8049 17.2525 179.6243
M02404 2.9763 3.1377 210.4529 50.4355 299.9119 109.6759 0.0015 0.0020 0.0026 0.0007 11 12 3 8 1.5812 150.1743 30.0778 10.0135 14.9420 17.1557 180.0818
M02405 3.1061 3.0373 335.9022 68.4210 300.2244 110.2818 0.0021 0.0016 0.0022 0.0011 11 12 3 8 1.5926 149.9775 30.2069 10.0448 14.8965 17.2791 179.5054
M02408 2.9745 3.0874 215.6729 41.3917 300.1354 109.5472 0.0021 0.0010 0.0014 0.0011 11 12 3 8 1.5555 150.3379 30.1039 9.9981 14.9424 17.1704 179.7758
M02410 3.0164 3.0868 304.3815 50.4020 300.7944 109.5930 0.0014 0.0015 0.0020 0.0007 11 12 3 8 1.5755 150.1090 30.2100 10.0175 14.9261 17.1555 180.2442
M02411 2.9952 3.1404 320.3029 149.6584 299.8556 109.2385 0.0027 0.0028 0.0037 0.0014 11 12 3 8 1.6021 149.8456 30.1368 9.9541 14.7960 17.1047 179.2281
M02413 2.9236 3.0931 283.4905 50.4033 299.5453 109.8835 0.0014 0.0010 0.0014 0.0007 11 12 3 8 1.5862 149.5958 30.0359 10.0148 14.9041 17.1949 179.6608
M02414 3.0027 3.0701 189.5113 50.4778 300.5244 110.0486 0.0026 0.0012 0.0015 0.0013 11 12 3 8 1.5632 150.1930 30.4658 10.0741 14.8216 17.2106 180.0246
M02415 2.9929 3.0861 173.9337 41.4352 300.3444 109.9106 0.0025 0.0021 0.0029 0.0012 11 12 3 8 1.5650 150.2143 30.0652 10.0602 14.8834 17.1175 180.1078
M02416 3.0139 3.0400 189.5042 68.6588 299.7438 109.7810 0.0015 0.0022 0.0029 0.0008 11 12 3 8 1.5562 150.2137 30.3535 9.9990 14.8510 17.2078 180.0216
M02417 3.0396 3.0515 163.5455 41.4451 299.7321 109.8809 0.0019 0.0008 0.0011 0.0009 11 12 3 8 1.5799 149.9337 30.0764 10.0481 14.8307 17.1652 179.8794
M02418 2.9686 3.0717 189.5454 50.4361 300.5476 109.5899 0.0029 0.0017 0.0023 0.0014 11 12 3 8 1.5631 150.0678 30.1682 9.9733 14.8954 17.1769 180.0177
M02420 3.0419 3.1012 215.6134 95.7207 299.5865 109.7249 0.0025 0.0010 0.0013 0.0013 11 12 3 8 1.5999 149.8270 30.2433 10.0084 14.7457 17.1849 179.4261
M02421 2.9263 3.0549 309.6331 77.4268 299.7234 109.9367 0.0008 0.0014 0.0018 0.0004 11 12 3 8 1.5436 150.1878 30.2128 10.0177 14.8715 17.2275 180.0907
M02422 3.0091 3.0752 293.9229 68.4357 299.6424 109.8024 0.0015 0.0012 0.0016 0.0008 11 12 3 8 1.5782 149.9582 30.1850 10.0098 14.8482 17.2229 179.6281
M02424 3.0295 3.0576 357.3104 140.6189 300.2054 109.9070 0.0023 0.0026 0.0035 0.0012 11 12 3 8 1.5826 149.8654 30.2102 10.0285 15.0253 17.2203 179.9227
M02425 2.9765 3.0718 346.7879 158.7167 300.2055 109.8060 0.0022 0.0014 0.0018 0.0011 11 12 3 8 1.5854 149.6604 30.1085 10.0345 14.9560 17.1864 179.8277
M02427 3.0682 3.0873 226.0340 59.4911 300.3118 109.7976 0.0022 0.0013 0.0016 0.0011 11 16 3 4 1.5950 149.9667 30.1606 10.0070 14.8040 4.8495 179.4762
M02429 3.0051 3.0507 173.8829 59.5769 300.6489 109.9313 0.0011 0.0020 0.0027 0.0006 11 12 3 8 1.5644 150.0692 30.1239 10.0139 14.9481 17.2266 180.0826
M02430 0.0000 0.0000 0.0000 0.0000 -9.0000 -9.0000 0.0000 0.0000 0.0000 0.0000 0 0 0 0 0.0000 0.0000 0.0000 0.0000 0.0000 0.0000 0.0000
M02433 0.0000 0.0000 0.0000 0.0000 -9.0000 -9.0000 0.0000 0.0000 0.0000 0.0000 0 0 0 0 0.0000 0.0000 0.0000 0.0000 0.0000 0.0000 0.0000
M02434 3.0148 3.1303 241.8324 158.8026 300.6344 109.7669 0.0020 0.0015 0.0020 0.0010 11 12 3 8 1.6138 149.6241 30.2951 10.0052 14.7280 17.1840 179.8404
M02435 3.0033 3.0936 220.9026 32.3144 299.9910 109.7551 0.0027 0.0017 0.0023 0.0013 11 12 3 8 1.5828 149.9527 30.2977 9.9812 14.7747 17.1586 179.5286
M02436 3.0013 3.0390 116.5871 68.6969 300.4518 109.8855 0.0020 0.0011 0.0015 0.0010 11 12 3 8 1.5529 150.2129 30.2910 10.0314 14.8299 17.1543 180.0515
M02437 3.1191 3.0961 205.1630 95.7450 299.7951 109.7047 0.0025 0.0016 0.0018 0.0013 11 19 3 1 1.6121 149.9361 30.0292 10.0162 14.8521 2.3612 176.3835
M02438 2.9284 3.1183 179.1206 50.5298 299.8861 109.6590 0.0018 0.0021 0.0028 0.0009 11 12 3 8 1.5627 150.2580 30.0956 10.0321 14.7974 17.1096 180.5822
M02439 3.0114 3.0492 346.6913 140.6373 300.4554 109.9316 0.0025 0.0012 0.0016 0.0013 11 12 3 8 1.5710 149.9606 30.2925 10.0446 14.8351 17.1809 180.5001
M02440 0.0000 0.0000 0.0000 0.0000 -9.0000 -9.0000 0.0000 0.0000 0.0000 0.0000 0 0 0 0 0.0000 0.0000 0.0000 0.0000 0.0000 0.0000 0.0000
M02441 3.2579 3.1116 147.8032 68.6662 300.0931 109.8003 0.0023 0.0013 0.0017 0.0012 11 12 3 8 1.6415 150.2451 30.2206 10.0180 14.8007 17.1266 180.5488
M02442 2.9167 3.1210 137.4468 86.7387 300.0863 109.8597 0.0013 0.0011 0.0015 0.0007 11 12 3 8 1.5688 150.1252 30.2175 10.0277 14.9562 17.1996 180.3521
M02444 0.0000 0.0000 0.0000 0.0000 -9.0000 -9.0000 0.0000 0.0000 0.0000 0.0000 0 0 0 0 0.0000 0.0000 0.0000 0.0000 0.0000 0.0000 0.0000
M02445 3.0211 3.0866 184.3712 59.5583 300.3806 109.9694 0.0014 0.0014 0.0019 0.0007 11 12 3 8 1.5851 149.9410 30.1246 10.0346 14.8506 17.2160 180.1899
M02447 3.0438 3.1042 168.7666 14.2957 299.6754 110.1379 0.0021 0.0017 0.0022 0.0010 11 12 3 8 1.5929 149.9877 30.0133 10.0734 14.9684 17.2910 180.4256
M02448 2.9963 3.1195 283.4821 14.3016 300.3156 110.4111 0.0022 0.0010 0.0014 0.0011 11 12 3 8 1.5928 149.8932 30.1036 10.0748 14.9542 17.2827 180.3036
M02449 0.0000 0.0000 0.0000 0.0000 -9.0000 -9.0000 0.0000 0.0000 0.0000 0.0000 0 0 0 0 0.0000 0.0000 0.0000 0.0000 0.0000 0.0000 0.0000
M02451 3.0263 3.0867 346.6712 140.6343 300.3899 110.0873 0.0026 0.0018 0.0024 0.0013 11 12 3 8 1.6066 149.5463 30.2138 10.0404 14.8311 17.2405 179.9169
M02452 3.0968 3.0531 173.9992 23.3227 300.4363 109.8721 0.0017 0.0017 0.0023 0.0009 11 12 3 8 1.5989 149.8720 30.1935 10.0065 14.8375 17.2073 179.5202
M02453 0.0000 0.0000 0.0000 0.0000 -9.0000 -9.0000 0.0000 0.0000 0.0000 0.0000 0 0 0 0 0.0000 0.0000 0.0000 0.0000 0.0000 0.0000 0.0000
M02454 3.0185 3.0946 293.9309 104.5470 300.6613 110.0451 0.0016 0.0013 0.0017 0.0008 11 12 3 8 1.5860 149.9598 30.3189 10.0434 14.8168 17.2221 179.9071
M02455 3.0707 3.1193 236.4940 59.4718 300.1244 109.4617 0.0016 0.0011 0.0014 0.0008 11 12 3 8 1.5943 150.1615 30.0599 9.9573 15.0303 17.1715 179.4662
M02456 2.9834 3.0797 378.1738 86.4574 300.3630 109.4564 0.0022 0.0023 0.0031 0.0011 11 12 3 8 1.5600 150.2352 30.1364 10.0488 14.9371 17.1479 180.1822
M02458 3.0426 3.0881 372.9313 95.4868 300.3263 109.6239 0.0025 0.0012 0.0016 0.0013 11 12 3 8 1.5571 150.5851 30.2778 10.0105 14.7744 17.1519 180.6815
M02459 2.9567 3.0656 299.4313 167.7996 299.6685 109.8700 0.0015 0.0011 0.0015 0.0008 11 12 3 8 1.5858 149.5339 30.1364 10.0243 14.7809 17.2064 179.6851
M02460 2.9579 3.0706 362.4754 113.5455 299.6680 110.0130 0.0033 0.0013 0.0017 0.0016 11 12 3 8 1.5633 150.0147 30.2086 10.0498 14.7275 17.2300 179.9542
M02461 3.0523 3.1129 273.0235 68.4893 300.4774 110.3692 0.0024 0.0015 0.0020 0.0012 11 12 3 8 1.6137 149.6726 30.1896 10.0499 14.9345 17.2956 180.0575
M02462 3.1406 3.0375 163.4575 77.6972 299.8013 109.6988 0.0022 0.0011 0.0015 0.0011 11 12 3 8 1.6002 150.0365 30.2665 10.0397 14.6856 17.1968 180.2319
M02463 3.0646 3.0848 184.3879 5.2028 299.4464 109.4056 0.0027 0.0016 0.0022 0.0014 11 12 3 8 1.5818 150.1911 30.1819 10.0063 14.7454 17.1587 180.1961
M02464 2.9599 3.0497 283.4491 50.3493 300.2085 110.2488 0.0016 0.0016 0.0021 0.0008 11 12 3 8 1.5587 149.9818 30.1293 10.0236 14.8349 17.2634 179.9971
M02465 3.0411 3.1088 304.3894 14.2382 300.4194 109.5658 0.0021 0.0019 0.0026 0.0010 11 12 3 8 1.6018 149.8318 30.2330 9.9854 14.8956 17.1543 180.0815
M02467 0.0000 0.0000 0.0000 0.0000 -9.0000 -9.0000 0.0000 0.0000 0.0000 0.0000 0 0 0 0 0.0000 0.0000 0.0000 0.0000 0.0000 0.0000 0.0000
M02468 3.0220 3.1157 241.7390 50.3988 300.1149 109.2797 0.0010 0.0021 0.0024 0.0005 11 18 3 2 1.5883 150.0551 30.1300 9.9624 14.8309 3.4054 175.4519
M02469 0.0000 0.0000 0.0000 0.0000 -9.0000 -9.0000 0.0000 0.0000 0.0000 0.0000 0 0 0 0 0.0000 0.0000 0.0000 0.0000 0.0000 0.0000 0.0000
M02470 2.9884 3.1283 373.0862 113.5560 300.1519 109.9776 0.0020 0.0020 0.0027 0.0010 11 12 3 8 1.5955 149.8710 30.1876 10.0015 14.8022 17.1746 180.0075
