nb/pos_calib/new_cals100924.ecsv
# %ECSV 0.9
# ---
# datatype:
# - {name: pos_id, datatype: string}
# - {name: length_r1, datatype: float32, format: 6.4f}
# - {name: length_r2, datatype: float32, format: 6.4f}
# - {name: offset_x, datatype: float32, format: 6.4f}
# - {name: offset_y, datatype: float32, format: 6.4f}
# - {name: arc_t, datatype: float32, format: 6.4f}
# - {name: arc_p, datatype: float32, format: 6.4f}
# - {name: rms_t, datatype: float32, format: 6.4f}
# - {name: rms_p, datatype: float32, format: 6.4f}
# - {name: err.length_r2, datatype: float32, format: 6.4f}
# - {name: err.offset_xy, datatype: float32, format: 6.4f}
# - {name: nfit_t, datatype: float32, format: 2.0f}
# - {name: nfit_p, datatype: float32, format: 2.0f}
# - {name: nprune_t, datatype: float32, format: 2.0f}
# - {name: nprune_p, datatype: float32, format: 2.0f}
# - {name: theta_arc_radius, datatype: float32, format: 6.4f}
# - {name: theta_arc_phi, datatype: float32, format: 6.4f}
# - {name: median_angstep_t, datatype: float32, format: 6.4f}
# - {name: median_angstep_p, datatype: float32, format: 6.4f}
# - {name: rms_angstep_t, datatype: float32, format: 6.4f}
# - {name: rms_angstep_p, datatype: float32, format: 6.4f}
# - {name: max_p, datatype: float32, format: 6.4f}
# schema: astropy-2.0
pos_id length_r1 length_r2 offset_x offset_y arc_t arc_p rms_t rms_p err.length_r2 err.offset_xy nfit_t nfit_p nprune_t nprune_p theta_arc_radius theta_arc_phi median_angstep_t median_angstep_p rms_angstep_t rms_angstep_p max_p
[from data line 2391]
M04427 3.0230 3.0788 246.9230 113.6405 329.7489 111.0474 0.0058 0.0026 0.0033 0.0028 12 13 2 2 1.6051 149.5148 30.1672 10.0709 12.9290 8.1995 179.1606
M04428 3.0315 3.0545 153.2081 5.2040 329.9547 111.0672 0.0035 0.0032 0.0040 0.0016 12 13 2 2 1.5936 149.6433 30.1087 10.0699 12.9147 8.2769 180.1873
M04429 2.9329 3.1115 147.8657 68.6432 329.9169 100.0924 0.0037 0.0026 0.0045 0.0018 12 11 2 4 1.5718 150.0404 30.1896 10.0668 12.9152 9.0966 179.9123
M04430 3.0220 3.0560 257.3703 113.6117 330.3026 100.2662 0.0041 0.0025 0.0042 0.0019 12 11 2 4 1.5696 150.0748 30.0969 10.1078 13.1336 9.1950 180.2874
M04431 2.9976 3.0756 59.4534 23.3180 330.0794 110.6066 0.0034 0.0029 0.0038 0.0016 12 13 2 2 1.5882 149.7158 30.0664 10.0035 12.9017 8.2147 179.2669
M04432 3.0324 3.0397 225.9973 95.6311 330.0186 111.0412 0.0039 0.0023 0.0030 0.0019 12 13 2 2 1.5867 149.7040 30.1983 10.0577 12.8744 8.1916 179.3613
M04433 3.0075 3.0800 262.6300 14.2519 330.2059 110.4192 0.0047 0.0025 0.0033 0.0022 12 13 2 2 1.5643 150.2496 30.0985 9.9948 13.0471 8.3335 179.7725
M04434 2.9814 3.0523 325.3893 86.4071 330.4595 99.8210 0.0043 0.0028 0.0048 0.0020 12 11 2 4 1.5542 150.1767 30.3409 10.0533 12.7725 9.0864 180.4485
M04435 2.9848 3.0870 299.1549 95.5502 329.9478 111.0111 0.0057 0.0025 0.0031 0.0027 12 13 2 2 1.5552 150.3808 30.1767 10.0453 12.8663 8.2469 180.3846
M04436 2.9433 3.0573 330.6221 77.4507 330.1970 110.3235 0.0047 0.0034 0.0044 0.0022 12 13 2 2 1.5699 149.7436 29.9275 9.9917 13.1364 8.2877 179.8522
M04437 2.9625 3.0942 273.2578 176.8728 329.9573 110.2813 0.0040 0.0039 0.0050 0.0019 12 13 2 2 1.5767 149.9226 29.9604 10.0217 13.1002 8.1782 180.2699
M04439 2.9830 3.1232 362.1537 23.3353 330.0885 110.4186 0.0038 0.0066 0.0085 0.0018 12 13 2 2 1.5870 149.9850 30.1356 9.9964 13.0964 8.1527 179.7626
M04440 2.9879 3.0506 215.6691 131.8218 329.8287 110.6715 0.0028 0.0029 0.0037 0.0013 12 13 2 2 1.5775 149.7356 30.1408 10.0307 13.0841 8.1859 179.8027
M04441 3.0590 3.1302 378.0437 32.3637 329.6091 110.0862 0.0062 0.0061 0.0079 0.0029 12 13 2 2 1.6104 149.8640 30.1356 9.9775 12.7742 8.1724 179.8594
M04442 2.9576 3.0807 226.1608 131.7524 329.4822 111.0245 0.0026 0.0035 0.0045 0.0012 12 13 2 2 1.5788 149.7735 30.0295 10.0369 13.0875 8.1910 180.0249
M04443 2.9518 3.0785 257.4646 149.7559 329.5870 100.3356 0.0046 0.0028 0.0048 0.0022 12 11 2 4 1.5479 150.3492 29.9350 10.1419 13.1027 9.1904 180.7576
M04444 3.1122 3.0688 262.6900 158.8132 329.7434 100.4175 0.0030 0.0039 0.0066 0.0014 12 11 2 4 1.5925 150.1506 30.2082 10.0984 12.7588 9.2551 180.4443
M04446 2.9892 3.0594 283.4093 68.4370 329.4131 111.5904 0.0047 0.0031 0.0039 0.0022 12 13 2 2 1.5882 149.5823 30.1179 10.0778 13.0133 8.2417 179.8313
M04447 2.9689 3.1086 90.6328 23.2740 329.6508 110.2336 0.0036 0.0037 0.0047 0.0017 12 13 2 2 1.5685 150.2012 30.1927 10.0263 13.0244 8.1384 180.1392
M04448 2.9619 3.0782 194.8389 95.7091 329.9146 110.0025 0.0033 0.0045 0.0058 0.0016 12 13 2 2 1.5799 149.7518 30.1338 9.9596 12.8423 8.1941 179.4174
M04450 3.0583 3.0943 174.0159 95.7306 329.6406 109.9949 0.0025 0.0055 0.0071 0.0012 12 13 2 2 1.5909 150.0375 30.0770 10.0167 12.9962 8.1246 179.7994
M04451 0.0000 0.0000 0.0000 0.0000 -9.0000 -9.0000 0.0000 0.0000 0.0000 0.0000 0 0 0 0 0.0000 0.0000 0.0000 0.0000 0.0000 0.0000 0.0000
M04452 3.0864 3.0552 90.7127 5.2621 329.8479 110.8421 0.0022 0.0019 0.0022 0.0010 12 15 2 0 1.6261 149.2991 30.2107 10.0248 13.0172 7.9027 174.7931
M04453 3.0128 3.1067 184.3925 113.8072 330.0899 110.2514 0.0029 0.0045 0.0058 0.0014 12 13 2 2 1.5915 149.9006 30.3338 10.0076 12.8599 8.2057 180.3509
M04454 3.0353 3.0763 210.4921 122.7470 330.0443 110.0324 0.0039 0.0057 0.0074 0.0019 12 13 2 2 1.5928 149.7950 30.0709 9.9831 12.9362 8.1700 179.5873
M04455 2.9978 3.1126 200.0809 122.8446 329.5252 110.0856 0.0026 0.0057 0.0074 0.0012 12 13 2 2 1.5928 149.8549 30.1789 9.9945 12.9793 8.1098 180.1290
M04456 2.9214 3.1169 179.1629 86.7400 330.4957 110.3100 0.0033 0.0048 0.0061 0.0016 12 13 2 2 1.5893 149.7008 30.0025 10.0096 13.1426 8.2575 179.5919
M04457 2.9981 3.0441 194.8932 113.8560 329.9706 110.2393 0.0034 0.0061 0.0079 0.0016 12 13 2 2 1.5694 149.9025 30.0741 9.9916 12.7922 8.2703 180.1264
M04458 3.0067 3.0932 163.5595 95.7912 330.0609 110.4955 0.0028 0.0045 0.0058 0.0013 12 13 2 2 1.5917 149.7921 30.0101 10.0238 13.0820 8.2629 180.2574
M04459 3.0173 3.1194 184.4359 95.7760 329.9343 109.6089 0.0033 0.0053 0.0069 0.0015 12 13 2 2 1.5964 149.9014 30.0345 9.9358 12.9901 8.1991 179.1011
M04460 3.0367 3.0973 205.2933 113.7516 329.7192 110.1746 0.0036 0.0057 0.0073 0.0017 12 13 2 2 1.5963 149.8534 30.1669 9.9686 12.8592 8.2514 179.8786
M04461 3.0851 3.1000 362.1650 5.2102 329.4889 110.9568 0.0045 0.0048 0.0056 0.0021 12 15 2 0 1.6101 149.8240 30.1164 10.0376 12.9042 7.8920 176.5724
M04462 3.2813 3.1010 205.2387 95.7072 330.0624 109.3368 0.0026 0.0050 0.0060 0.0012 12 14 2 1 1.6597 150.0249 30.0994 10.0041 12.8582 8.7211 171.4896
M04463 2.9622 3.0604 194.7905 113.7526 329.8397 100.3086 0.0043 0.0033 0.0056 0.0020 12 11 2 4 1.5638 149.9568 30.1699 10.1137 12.7692 9.1187 179.7011
M04464 3.1449 3.0432 194.8080 41.3626 330.3499 111.0220 0.0055 0.0024 0.0031 0.0026 12 13 2 2 1.6293 149.5248 30.2856 10.0282 13.0508 8.2885 179.0527
M04465 3.0877 3.1044 184.2941 59.5677 330.5698 110.8084 0.0046 0.0017 0.0022 0.0022 12 13 2 2 1.6102 149.8563 30.2329 10.0230 12.9301 8.2199 179.9003
M04466 2.9913 3.1176 189.5883 68.5937 330.1525 111.2623 0.0031 0.0016 0.0021 0.0015 12 13 2 2 1.6097 149.5344 30.2223 10.0664 12.8399 8.2308 179.8724
M04467 2.9455 3.0449 220.9331 140.8319 329.8470 110.9986 0.0040 0.0030 0.0039 0.0019 12 13 2 2 1.5742 149.5861 29.9904 10.0570 13.1177 8.1984 179.7220
M04468 3.0119 3.0783 241.7886 140.7267 330.0710 110.7832 0.0037 0.0032 0.0041 0.0017 12 13 2 2 1.5604 150.3354 30.1133 10.0232 13.0770 8.1669 180.7897
M04469 3.1738 3.1316 378.5547 140.7449 329.3331 110.2793 0.0056 0.0081 0.0094 0.0026 12 15 2 0 1.6169 150.2921 29.9936 10.0295 12.8614 8.0366 173.0442
M04470 3.0267 3.1112 283.4328 86.4441 329.6943 110.7666 0.0043 0.0045 0.0058 0.0020 12 13 2 2 1.6144 149.5414 30.1095 10.0312 12.8012 8.3165 179.2702
M04471 2.9705 3.1246 388.6199 14.2666 329.9685 110.3537 0.0031 0.0044 0.0057 0.0015 12 13 2 2 1.5802 150.0847 30.1465 10.0031 13.1500 8.1394 180.0254
M04473 3.0393 3.0318 189.5541 104.7342 329.7135 99.6727 0.0021 0.0022 0.0037 0.0010 12 11 2 4 1.5639 150.1446 29.9833 10.0155 13.2215 9.0833 179.6751
M04474 3.1173 3.0710 288.6630 41.2955 329.6038 100.9566 0.0052 0.0037 0.0062 0.0025 12 11 2 4 1.6025 149.9959 30.1567 10.1744 12.8480 9.2288 179.9851
M04475 3.0405 3.0057 173.8968 113.8203 330.0173 100.1873 0.0044 0.0028 0.0048 0.0021 12 11 2 4 1.5820 149.6709 30.1669 10.1045 12.8211 9.1110 179.3416
M04476 2.9709 3.0759 147.9632 32.4037 330.1063 110.4522 0.0046 0.0051 0.0065 0.0021 12 13 2 2 1.5602 150.1599 30.1469 10.0107 12.9795 8.2175 180.2958
M04477 2.9930 3.0738 205.2682 23.3009 330.3860 110.8127 0.0045 0.0021 0.0027 0.0021 12 13 2 2 1.5597 150.2445 30.0689 10.0180 13.2310 8.2778 179.6793
M04478 0.0000 0.0000 0.0000 0.0000 -9.0000 -9.0000 0.0000 0.0000 0.0000 0.0000 0 0 0 0 0.0000 0.0000 0.0000 0.0000 0.0000 0.0000 0.0000
M04479 2.9675 3.0534 257.4127 5.1973 329.6028 100.4783 0.0044 0.0049 0.0083 0.0021 12 11 2 4 1.5505 150.1985 30.0485 10.1189 12.9221 9.2002 180.1511
M04480 3.0968 3.0244 278.3512 149.6917 329.4449 100.1752 0.0041 0.0036 0.0061 0.0019 12 11 2 4 1.5843 150.0288 30.1874 10.0634 12.7398 9.1988 180.0110
M04481 3.2096 3.0844 267.8109 113.5744 329.9490 110.7238 0.0038 0.0051 0.0067 0.0018 12 12 2 3 1.6532 149.6278 30.1949 10.0873 12.9316 8.8743 179.3246
M04482 3.0364 3.0753 168.7324 104.7809 329.9886 100.0409 0.0043 0.0030 0.0051 0.0020 12 11 2 4 1.5811 150.0230 30.0486 10.0622 12.8860 9.1290 179.8607
M04483 2.9462 3.0415 163.5895 5.1611 330.2807 110.4812 0.0039 0.0026 0.0034 0.0018 12 13 2 2 1.5653 149.7453 30.1061 10.0146 13.0959 8.2254 179.4979
M04484 2.9737 3.0418 278.3057 131.6106 330.1401 100.0735 0.0047 0.0041 0.0070 0.0022 12 11 2 4 1.5502 150.1595 30.1697 10.0668 12.7905 9.2664 179.7992
M04485 2.9258 3.0351 132.2904 59.6666 330.0252 111.0481 0.0032 0.0030 0.0038 0.0015 12 13 2 2 1.5633 149.6630 30.0587 10.0332 13.0350 8.2365 180.0613
M04486 2.9058 3.0940 267.7960 113.6082 329.4082 99.8165 0.0048 0.0031 0.0053 0.0023 12 11 2 4 1.5545 150.1785 29.9616 10.0364 13.1518 9.1370 180.0074
M04487 2.9628 3.1653 278.1993 95.4600 330.5941 100.4211 0.0045 0.0030 0.0050 0.0021 12 11 2 4 1.5987 149.9878 30.2587 10.1478 13.2012 9.1607 180.5874
M04488 2.9710 3.0728 231.3138 122.7370 329.5419 111.1218 0.0038 0.0028 0.0036 0.0018 12 13 2 2 1.5863 149.6275 29.9599 10.0394 13.1887 8.2144 180.2429
M04489 2.9833 3.0644 272.9914 68.4266 330.1532 110.8648 0.0066 0.0029 0.0037 0.0031 12 13 2 2 1.5992 149.3711 30.1251 10.0630 13.0527 8.2045 178.8770
M04490 3.0124 3.0512 252.1433 50.3622 329.4841 110.1179 0.0058 0.0034 0.0044 0.0027 12 13 2 2 1.5794 149.8122 30.0858 9.9565 13.1329 8.1567 179.0612
M04491 2.9966 3.0860 346.3332 50.3585 329.9005 111.2043 0.0049 0.0061 0.0077 0.0023 12 13 2 2 1.5973 149.5964 30.2526 10.1057 12.8407 8.3833 179.9785
M04492 3.0383 3.0352 283.7025 176.8480 330.1903 110.8259 0.0042 0.0035 0.0043 0.0020 12 14 2 1 1.5473 150.4800 30.1140 10.0574 13.0546 8.4252 177.5144
M04493 0.0000 0.0000 0.0000 0.0000 -9.0000 -9.0000 0.0000 0.0000 0.0000 0.0000 0 0 0 0 0.0000 0.0000 0.0000 0.0000 0.0000 0.0000 0.0000
M04495 2.9660 3.1342 372.7656 59.3830 330.2043 110.5720 0.0047 0.0046 0.0058 0.0022 12 13 2 2 1.5852 150.0382 30.2147 10.0170 12.9252 8.1331 179.8093
M04497 0.0000 0.0000 0.0000 0.0000 -9.0000 -9.0000 0.0000 0.0000 0.0000 0.0000 0 0 0 0 0.0000 0.0000 0.0000 0.0000 0.0000 0.0000 0.0000
M04498 2.9151 3.1138 372.9235 95.4931 330.6437 110.6264 0.0059 0.0049 0.0062 0.0028 12 13 2 2 1.5966 149.5156 30.1332 10.0113 13.2278 8.1264 179.7792
M04499 0.0000 0.0000 0.0000 0.0000 -9.0000 -9.0000 0.0000 0.0000 0.0000 0.0000 0 0 0 0 0.0000 0.0000 0.0000 0.0000 0.0000 0.0000 0.0000
M04500 2.9768 3.0947 210.4316 104.6827 329.8846 109.5670 0.0054 0.0056 0.0074 0.0025 12 13 2 2 1.5585 150.3347 30.0186 9.9542 13.0341 8.1087 179.8793
M04501 2.9679 3.1178 262.7375 158.7797 329.6024 110.8545 0.0035 0.0038 0.0048 0.0017 12 13 2 2 1.5581 150.4633 30.0732 10.0729 12.8137 8.3130 180.4165
M04502 2.9795 3.0943 331.0732 167.7347 329.7747 99.7056 0.0043 0.0042 0.0073 0.0020 12 11 2 4 1.5556 150.3971 29.9884 10.0547 13.3395 9.1465 179.8302
M04503 2.9242 3.1126 210.4068 86.6363 330.2308 110.3142 0.0035 0.0064 0.0083 0.0017 12 13 2 2 1.5702 150.0552 29.9910 9.9987 13.0145 8.3153 179.4473
M04504 2.9694 3.0932 367.9377 140.7225 330.9001 99.8269 0.0067 0.0036 0.0062 0.0032 12 11 2 4 1.5570 150.3271 30.1002 10.0469 13.0225 9.0947 180.2079
M04505 2.9949 3.0500 299.1767 23.2577 329.8939 111.2097 0.0055 0.0036 0.0046 0.0026 12 13 2 2 1.5740 149.8312 30.1268 10.0224 12.8943 8.2334 179.7955
M04506 2.9953 3.0544 362.3701 95.4675 330.3958 111.0035 0.0052 0.0045 0.0058 0.0024 12 13 2 2 1.5905 149.5362 30.0088 10.0326 13.1410 8.1518 179.2890
M04507 0.0000 0.0000 0.0000 0.0000 -9.0000 -9.0000 0.0000 0.0000 0.0000 0.0000 0 0 0 0 0.0000 0.0000 0.0000 0.0000 0.0000 0.0000 0.0000
M04508 0.0000 0.0000 0.0000 0.0000 -9.0000 -9.0000 0.0000 0.0000 0.0000 0.0000 0 0 0 0 0.0000 0.0000 0.0000 0.0000 0.0000 0.0000 0.0000
M04509 3.0470 3.0658 231.3826 158.8459 330.4504 110.9412 0.0028 0.0036 0.0045 0.0013 12 13 2 2 1.5971 149.7112 30.1689 10.0381 12.9106 8.1537 179.8026
M04510 2.9836 3.0555 226.0304 77.5810 329.8202 110.2906 0.0026 0.0065 0.0084 0.0012 12 13 2 2 1.5662 149.9675 30.0940 10.0180 12.8980 8.2200 179.5433
M04511 2.9984 3.1177 362.1513 23.3039 329.8336 110.9146 0.0058 0.0056 0.0071 0.0027 12 13 2 2 1.5950 149.8465 30.2802 10.0700 12.9060 8.2838 179.8126
M04512 2.9470 3.1161 346.6964 140.6151 328.7877 99.6160 0.0054 0.0039 0.0067 0.0026 12 11 2 4 1.5612 150.3241 29.9388 9.9740 13.0739 9.1216 180.5907
M04514 2.9782 3.1457 404.6034 23.2186 329.4377 99.9893 0.0033 0.0052 0.0089 0.0015 12 11 2 4 1.5798 150.2621 30.1514 10.0666 12.9375 9.1892 180.2432
M04515 0.0000 0.0000 0.0000 0.0000 -9.0000 -9.0000 0.0000 0.0000 0.0000 0.0000 0 0 0 0 0.0000 0.0000 0.0000 0.0000 0.0000 0.0000 0.0000
M04516 2.9944 3.0852 341.4821 149.6245 329.6658 110.6591 0.0039 0.0069 0.0088 0.0019 12 13 2 2 1.5957 149.6142 30.1979 10.0205 12.8824 8.4360 179.7033
M04517 2.9604 3.0195 283.6479 158.7770 330.2784 110.9892 0.0036 0.0039 0.0049 0.0017 12 13 2 2 1.5687 149.6029 30.2876 10.0428 12.9190 8.1182 179.4046
M04519 0.0000 0.0000 0.0000 0.0000 -9.0000 -9.0000 0.0000 0.0000 0.0000 0.0000 0 0 0 0 0.0000 0.0000 0.0000 0.0000 0.0000 0.0000 0.0000
M04520 2.9471 3.0089 257.4001 131.6597 329.6129 110.8751 0.0030 0.0024 0.0031 0.0014 12 13 2 2 1.5584 149.6872 30.0390 10.0366 13.1654 8.1726 179.6698
M04522 2.9210 3.0595 283.4822 32.2942 330.3748 100.1790 0.0044 0.0043 0.0073 0.0021 12 11 2 4 1.5510 150.0534 30.2338 10.0452 12.8696 9.1494 179.7966
M04523 2.9779 3.0822 231.2276 50.4531 330.1711 110.2662 0.0041 0.0020 0.0026 0.0019 12 13 2 2 1.5672 150.0885 30.1116 10.0181 13.0145 8.2580 179.9640
M04524 2.9911 3.0289 111.3822 59.5874 330.3683 111.2258 0.0037 0.0026 0.0033 0.0017 12 13 2 2 1.5513 150.1426 30.0449 10.0943 13.1109 8.2824 180.7455
M04525 3.0804 3.0576 262.6021 32.2809 330.5056 100.1930 0.0041 0.0045 0.0076 0.0019 12 11 2 4 1.5898 149.9801 30.2175 10.0722 13.0299 9.1541 180.1280
M04526 3.0164 3.0927 299.1442 95.4558 330.0521 110.9842 0.0053 0.0045 0.0057 0.0025 12 13 2 2 1.5906 149.8488 30.0371 10.0585 13.1160 8.2972 180.3103
M04527 3.0372 3.0894 341.0929 23.2975 330.2111 110.2779 0.0047 0.0068 0.0088 0.0022 12 13 2 2 1.5707 150.3067 30.2087 10.0047 13.0364 8.1456 179.9832
M04528 3.0382 3.0781 362.5606 131.6155 329.9886 111.1705 0.0073 0.0080 0.0101 0.0035 12 13 2 2 1.5667 150.3250 30.2313 10.0908 12.7073 8.1671 180.5356
M04529 0.0000 0.0000 0.0000 0.0000 -9.0000 -9.0000 0.0000 0.0000 0.0000 0.0000 0 0 0 0 0.0000 0.0000 0.0000 0.0000 0.0000 0.0000 0.0000
M04530 3.0046 3.0654 132.3560 23.3328 330.2731 111.3845 0.0037 0.0022 0.0028 0.0017 12 13 2 2 1.5831 149.7846 30.1619 10.1086 13.0351 8.3481 180.3578
M04531 2.9437 3.0735 278.1955 95.5510 330.2705 109.9382 0.0039 0.0027 0.0034 0.0019 12 13 2 2 1.5951 149.3531 30.0385 9.9700 13.0832 8.2065 179.3326
M04532 2.9973 3.1115 404.5973 23.2831 330.1927 110.1517 0.0053 0.0041 0.0053 0.0025 12 13 2 2 1.5842 150.0134 30.1408 9.9869 13.0958 8.1649 179.6750
M04533 3.0863 3.0993 383.4289 59.4248 330.1019 109.7414 0.0048 0.0064 0.0083 0.0023 12 13 2 2 1.5960 150.0952 30.1922 9.9391 13.1087 8.1487 180.1133
M04534 3.0593 3.1413 179.1687 122.7781 329.8622 110.7007 0.0040 0.0031 0.0040 0.0019 12 13 2 2 1.6262 149.6276 30.0718 10.0310 12.9283 8.2338 179.1905
M04535 3.0231 3.0400 299.1473 23.2313 330.6064 101.0348 0.0036 0.0049 0.0075 0.0017 12 14 2 1 1.5664 150.0582 30.4340 10.0958 12.8564 7.9766 179.4282
M04536 2.9602 3.0438 194.8285 131.8255 329.9537 110.7571 0.0040 0.0035 0.0044 0.0019 12 13 2 2 1.5780 149.5656 30.1978 10.0358 13.0752 8.1921 179.0793
M04537 3.0350 3.0742 272.9830 86.4741 329.9313 100.1101 0.0045 0.0026 0.0044 0.0021 12 11 2 4 1.5817 149.9993 30.1027 10.1090 12.9464 9.1857 180.3444
M04538 2.9492 3.0761 236.5402 131.7235 329.9938 110.5615 0.0029 0.0027 0.0034 0.0013 12 13 2 2 1.5898 149.4955 30.2496 10.0291 13.0840 8.1450 179.8125
M04541 2.9035 3.0497 168.6676 68.6290 330.1364 100.1088 0.0048 0.0025 0.0043 0.0023 12 11 2 4 1.5555 149.8337 30.3029 10.0814 12.8572 9.1297 179.6528
M04542 2.9821 3.0637 310.1446 185.9086 329.7035 110.9446 0.0053 0.0038 0.0048 0.0025 12 13 2 2 1.5827 149.6869 30.2300 10.0691 12.8736 8.1388 180.1989
M04543 2.8120 3.0476 356.9264 68.4283 329.8795 109.6982 0.0046 0.0086 0.0112 0.0022 12 13 2 2 1.5265 150.1451 30.2503 9.9990 12.7791 8.0567 179.2068
