nb/pos_calib/new_cals100924.ecsv
# %ECSV 0.9
# ---
# datatype:
# - {name: pos_id, datatype: string}
# - {name: length_r1, datatype: float32, format: 6.4f}
# - {name: length_r2, datatype: float32, format: 6.4f}
# - {name: offset_x, datatype: float32, format: 6.4f}
# - {name: offset_y, datatype: float32, format: 6.4f}
# - {name: arc_t, datatype: float32, format: 6.4f}
# - {name: arc_p, datatype: float32, format: 6.4f}
# - {name: rms_t, datatype: float32, format: 6.4f}
# - {name: rms_p, datatype: float32, format: 6.4f}
# - {name: err.length_r2, datatype: float32, format: 6.4f}
# - {name: err.offset_xy, datatype: float32, format: 6.4f}
# - {name: nfit_t, datatype: float32, format: 2.0f}
# - {name: nfit_p, datatype: float32, format: 2.0f}
# - {name: nprune_t, datatype: float32, format: 2.0f}
# - {name: nprune_p, datatype: float32, format: 2.0f}
# - {name: theta_arc_radius, datatype: float32, format: 6.4f}
# - {name: theta_arc_phi, datatype: float32, format: 6.4f}
# - {name: median_angstep_t, datatype: float32, format: 6.4f}
# - {name: median_angstep_p, datatype: float32, format: 6.4f}
# - {name: rms_angstep_t, datatype: float32, format: 6.4f}
# - {name: rms_angstep_p, datatype: float32, format: 6.4f}
# - {name: max_p, datatype: float32, format: 6.4f}
# schema: astropy-2.0
pos_id length_r1 length_r2 offset_x offset_y arc_t arc_p rms_t rms_p err.length_r2 err.offset_xy nfit_t nfit_p nprune_t nprune_p theta_arc_radius theta_arc_phi median_angstep_t median_angstep_p rms_angstep_t rms_angstep_p max_p
[from data line 2929]
M05045 2.9974 3.0826 153.0624 95.7637 329.5972 109.9285 0.0030 0.0030 0.0039 0.0014 12 13 2 2 1.5644 150.2222 30.0361 9.9951 12.9427 8.2306 180.2133
M05046 3.0255 3.0297 116.5950 68.6497 329.7186 109.9593 0.0043 0.0035 0.0045 0.0020 12 13 2 2 1.5976 149.4037 30.0609 9.9776 12.9675 8.0910 179.1004
M05047 2.9877 3.0968 90.6752 23.2978 329.7454 110.7035 0.0034 0.0026 0.0033 0.0016 12 13 2 2 1.5812 149.9444 30.1335 10.0643 13.0624 8.1995 180.3015
M05048 0.0000 0.0000 0.0000 0.0000 -9.0000 -9.0000 0.0000 0.0000 0.0000 0.0000 0 0 0 0 0.0000 0.0000 0.0000 0.0000 0.0000 0.0000 0.0000
M05051 3.2386 3.0830 351.7312 77.4078 330.0316 111.4566 0.0036 0.0067 0.0085 0.0017 12 13 2 2 1.6364 150.1254 30.0712 9.9982 12.9763 8.2919 181.2894
M05052 0.0000 0.0000 0.0000 0.0000 -9.0000 -9.0000 0.0000 0.0000 0.0000 0.0000 0 0 0 0 0.0000 0.0000 0.0000 0.0000 0.0000 0.0000 0.0000
M05053 3.0293 3.0924 241.7025 104.6553 330.2810 111.0081 0.0036 0.0025 0.0032 0.0017 12 13 2 2 1.6089 149.5483 30.2997 10.0751 12.8193 8.1656 180.2214
M05054 3.0265 3.0554 106.2651 50.4448 329.7920 110.8082 0.0042 0.0031 0.0039 0.0020 12 13 2 2 1.5963 149.5722 30.0868 10.0388 12.9383 8.1952 179.9467
M05055 0.0000 0.0000 0.0000 0.0000 -9.0000 -9.0000 0.0000 0.0000 0.0000 0.0000 0 0 0 0 0.0000 0.0000 0.0000 0.0000 0.0000 0.0000 0.0000
M05056 2.9896 3.0449 257.3461 77.4817 329.9836 111.0138 0.0051 0.0029 0.0037 0.0024 12 13 2 2 1.5897 149.4684 30.3303 10.0673 12.8315 8.2108 179.6948
M05057 2.9938 3.0972 116.6790 50.4477 329.9802 110.5391 0.0033 0.0029 0.0038 0.0015 12 13 2 2 1.6018 149.5661 30.0453 10.0214 13.1096 8.1906 179.8128
M05058 2.8514 3.0206 215.6252 95.6394 329.7806 110.4426 0.0030 0.0025 0.0032 0.0014 12 13 2 2 1.5383 149.8017 30.2189 9.9877 13.1065 8.1841 179.4538
M05060 3.0335 3.0830 399.3348 32.3065 329.6306 110.6458 0.0045 0.0038 0.0050 0.0021 12 12 2 2 1.5725 150.2193 30.0701 10.0752 12.8852 0.1868 180.4604
M05061 2.9497 3.0519 262.5788 68.4632 330.5589 111.2267 0.0054 0.0031 0.0039 0.0025 12 13 2 2 1.5895 149.3441 30.2165 10.0849 13.0270 8.2592 179.6768
M05062 0.0000 0.0000 0.0000 0.0000 -9.0000 -9.0000 0.0000 0.0000 0.0000 0.0000 0 0 0 0 0.0000 0.0000 0.0000 0.0000 0.0000 0.0000 0.0000
M05063 3.0165 3.0768 241.7253 50.3402 329.5904 110.5663 0.0058 0.0028 0.0036 0.0027 12 13 2 2 1.5839 149.8885 30.1941 10.0486 12.9814 8.2029 179.4920
M05065 3.0060 3.0879 252.1098 104.6260 330.3559 111.1056 0.0032 0.0026 0.0033 0.0015 12 13 2 2 1.6109 149.3823 30.3058 10.0690 12.9114 8.1642 179.3315
M05066 0.0000 0.0000 0.0000 0.0000 -9.0000 -9.0000 0.0000 0.0000 0.0000 0.0000 0 0 0 0 0.0000 0.0000 0.0000 0.0000 0.0000 0.0000 0.0000
M05067 2.9914 3.0976 158.3749 14.1981 330.2209 110.3473 0.0042 0.0022 0.0029 0.0020 12 13 2 2 1.5889 149.8119 30.0799 9.9896 13.1442 8.2123 179.1071
M05068 2.9971 3.1157 101.0990 5.2073 329.8911 110.5673 0.0024 0.0028 0.0036 0.0011 12 13 2 2 1.5965 149.7999 30.1573 10.0404 12.9996 8.1343 180.2966
M05069 2.9977 3.0618 267.8667 131.6264 330.3499 100.5096 0.0056 0.0034 0.0057 0.0026 12 11 2 4 1.5705 149.9801 30.0780 10.1220 13.0545 9.2433 180.5471
M05070 0.0000 0.0000 0.0000 0.0000 -9.0000 -9.0000 0.0000 0.0000 0.0000 0.0000 0 0 0 0 0.0000 0.0000 0.0000 0.0000 0.0000 0.0000 0.0000
M05071 2.9590 3.0801 283.7433 176.8152 329.9799 110.4572 0.0022 0.0040 0.0051 0.0010 12 13 2 2 1.5747 149.8556 30.4641 10.0081 12.7631 8.1635 179.5939
M05072 3.0633 3.0551 341.1238 23.2315 330.4675 111.1254 0.0048 0.0035 0.0044 0.0023 12 13 2 2 1.6109 149.4698 30.2013 10.0215 13.0519 8.2819 179.7180
M05074 0.0000 0.0000 0.0000 0.0000 -9.0000 -9.0000 0.0000 0.0000 0.0000 0.0000 0 0 0 0 0.0000 0.0000 0.0000 0.0000 0.0000 0.0000 0.0000
M05076 2.9668 3.0741 288.7515 5.1864 330.4128 110.7979 0.0041 0.0049 0.0062 0.0019 12 13 2 2 1.5706 149.9281 30.1384 10.0818 12.9895 8.3236 180.2693
M05077 2.9662 2.9949 283.4095 68.3747 329.7200 100.7603 0.0049 0.0029 0.0049 0.0023 12 11 2 4 1.5426 150.0099 30.1091 10.1598 12.8987 9.2173 180.6275
M05078 0.0000 0.0000 0.0000 0.0000 -9.0000 -9.0000 0.0000 0.0000 0.0000 0.0000 0 0 0 0 0.0000 0.0000 0.0000 0.0000 0.0000 0.0000 0.0000
M05079 2.9979 3.1053 257.3687 5.2192 329.9611 110.3173 0.0055 0.0028 0.0036 0.0026 12 13 2 2 1.5740 150.1758 30.1605 10.0388 13.0493 8.3290 179.8835
M05080 2.9794 2.9955 231.3003 14.2394 330.0405 111.1622 0.0053 0.0031 0.0040 0.0025 12 13 2 2 1.5448 150.0330 30.0838 10.0823 13.0734 8.3889 180.1107
M05081 2.9737 3.0323 153.1703 23.2990 330.0668 111.1130 0.0033 0.0021 0.0027 0.0015 12 13 2 2 1.5699 149.7151 30.0878 10.0811 13.0574 8.3126 179.3667
M05082 3.0122 3.0025 163.5954 23.2883 330.2155 111.3491 0.0032 0.0028 0.0035 0.0015 12 13 2 2 1.5790 149.5610 30.0329 10.0991 13.1582 8.3768 179.3663
M05083 3.0113 3.0495 273.0510 122.5871 329.5741 100.2030 0.0048 0.0036 0.0060 0.0023 12 11 2 4 1.5665 150.0507 30.0830 10.0574 12.8607 9.2091 179.7270
M05084 0.0000 0.0000 0.0000 0.0000 -9.0000 -9.0000 0.0000 0.0000 0.0000 0.0000 0 0 0 0 0.0000 0.0000 0.0000 0.0000 0.0000 0.0000 0.0000
M05085 2.9779 3.0498 220.8568 50.4027 330.3476 111.3581 0.0041 0.0042 0.0053 0.0019 12 13 2 2 1.5305 150.6120 29.9724 10.0751 13.1365 8.3253 181.1630
M05086 0.0000 0.0000 0.0000 0.0000 -9.0000 -9.0000 0.0000 0.0000 0.0000 0.0000 0 0 0 0 0.0000 0.0000 0.0000 0.0000 0.0000 0.0000 0.0000
M05087 2.9636 3.0355 372.7513 5.2590 330.3537 111.1775 0.0063 0.0040 0.0051 0.0030 12 13 2 2 1.5856 149.3781 30.2013 10.0699 13.1246 8.2816 179.1067
M05088 2.9506 3.0617 220.8902 32.3424 329.6772 111.4778 0.0037 0.0040 0.0050 0.0017 12 13 2 2 1.5402 150.3864 30.1677 10.1422 12.8730 8.3135 181.1639
M05089 0.0000 0.0000 0.0000 0.0000 -9.0000 -9.0000 0.0000 0.0000 0.0000 0.0000 0 0 0 0 0.0000 0.0000 0.0000 0.0000 0.0000 0.0000 0.0000
M05090 0.0000 0.0000 0.0000 0.0000 -9.0000 -9.0000 0.0000 0.0000 0.0000 0.0000 0 0 0 0 0.0000 0.0000 0.0000 0.0000 0.0000 0.0000 0.0000
M05091 2.9985 3.1005 236.5793 149.8184 329.7553 110.9349 0.0027 0.0026 0.0033 0.0013 12 13 2 2 1.5996 149.6487 30.0194 10.0292 12.9712 8.2433 179.4427
M05092 2.9631 3.0365 142.7135 23.3285 329.9966 100.2437 0.0033 0.0010 0.0016 0.0015 12 11 2 4 1.5460 150.1668 30.2061 10.0797 12.8678 9.1542 180.7400
M05093 2.9701 3.0658 168.7551 86.7332 329.8738 111.1808 0.0040 0.0049 0.0063 0.0019 12 13 2 2 1.5675 149.9492 30.1339 10.0703 12.9858 8.3481 179.4544
M05094 2.9689 3.0903 49.1320 23.3678 330.1023 110.8440 0.0037 0.0016 0.0020 0.0018 12 13 2 2 1.5960 149.5409 30.1411 10.0618 13.0453 8.2044 179.9693
M05095 2.9601 3.0753 64.7116 32.3530 330.1504 110.2915 0.0032 0.0016 0.0021 0.0015 12 13 2 2 1.5983 149.3642 30.0972 10.0269 12.9631 8.1858 179.3739
M05096 0.0000 0.0000 0.0000 0.0000 -9.0000 -9.0000 0.0000 0.0000 0.0000 0.0000 0 0 0 0 0.0000 0.0000 0.0000 0.0000 0.0000 0.0000 0.0000
M05097 2.9633 3.0424 80.2791 23.3037 330.0649 110.7088 0.0036 0.0026 0.0033 0.0017 12 13 2 2 1.5815 149.5008 30.1891 10.0230 12.8913 8.2529 179.7983
M05098 3.0022 3.0385 158.3946 86.7198 329.8400 110.5319 0.0030 0.0046 0.0059 0.0014 12 13 2 2 1.5732 149.8150 30.1649 10.0413 12.9339 8.2680 179.3564
M05099 3.0034 3.1061 90.7279 23.3087 330.2290 110.7369 0.0032 0.0020 0.0026 0.0015 12 13 2 2 1.6042 149.6131 30.1407 10.0271 12.9391 8.2341 179.3165
M05101 2.9115 3.1164 278.5854 185.9067 330.0912 110.6231 0.0039 0.0041 0.0052 0.0018 12 13 2 2 1.5846 149.7627 30.1872 10.0371 12.9731 8.2036 179.5359
M05102 2.9578 2.9981 393.9373 23.2793 330.3303 112.4020 0.0028 0.0055 0.0068 0.0013 12 13 2 2 1.5620 149.6021 30.1219 10.1868 13.0783 8.4471 179.6207
M05103 2.9916 3.1286 215.7771 23.2764 329.9814 110.9945 0.0025 0.0030 0.0038 0.0012 12 13 2 2 1.6071 149.6575 30.0859 10.0724 12.9195 8.2358 179.9870
M05104 2.9964 3.1404 236.5541 131.7275 330.0908 110.6117 0.0033 0.0068 0.0087 0.0016 12 13 2 2 1.6074 149.7471 30.2790 10.0422 12.8365 8.2757 180.0961
M05106 3.0232 3.0932 226.0962 131.7796 329.8433 110.7445 0.0045 0.0062 0.0079 0.0021 12 13 2 2 1.5980 149.7374 30.0287 10.0346 13.0761 8.3079 180.0950
M05107 0.0000 0.0000 0.0000 0.0000 -9.0000 -9.0000 0.0000 0.0000 0.0000 0.0000 0 0 0 0 0.0000 0.0000 0.0000 0.0000 0.0000 0.0000 0.0000
M05108 3.0068 3.0436 383.6667 113.6118 330.1942 111.8006 0.0046 0.0043 0.0053 0.0022 12 13 2 2 1.5565 150.1937 29.9578 10.1150 13.0660 8.4093 180.1912
M05109 2.9657 3.0256 335.8125 50.3112 329.7962 111.0839 0.0054 0.0054 0.0069 0.0026 12 13 2 2 1.5742 149.5539 30.4281 10.0574 12.8204 8.3622 179.5800
M05111 2.9832 3.0919 309.6237 23.2317 329.7819 111.1687 0.0030 0.0045 0.0057 0.0014 12 13 2 2 1.5877 149.7678 30.2097 10.0586 12.9218 8.2631 179.3259
M05112 0.0000 0.0000 0.0000 0.0000 -9.0000 -9.0000 0.0000 0.0000 0.0000 0.0000 0 0 0 0 0.0000 0.0000 0.0000 0.0000 0.0000 0.0000 0.0000
M05113 3.0405 3.0709 356.9215 32.3086 329.7084 111.4889 0.0045 0.0062 0.0078 0.0021 12 13 2 2 1.5955 149.7379 30.1940 10.1138 12.8805 8.3587 180.4870
M05114 0.0000 0.0000 0.0000 0.0000 -9.0000 -9.0000 0.0000 0.0000 0.0000 0.0000 0 0 0 0 0.0000 0.0000 0.0000 0.0000 0.0000 0.0000 0.0000
M05115 2.9772 3.0718 163.5034 95.7167 330.5341 110.3948 0.0053 0.0046 0.0058 0.0025 12 13 2 2 1.5731 149.9040 30.1468 9.9882 12.9811 8.2912 180.0994
M05116 3.0265 3.0696 194.7585 95.7326 330.0932 110.5694 0.0042 0.0058 0.0075 0.0020 12 13 2 2 1.5715 150.1336 30.2109 10.0154 12.9277 8.2648 179.9088
M05117 2.9900 3.0558 383.3322 41.3020 330.3145 111.0460 0.0050 0.0061 0.0078 0.0024 12 13 2 2 1.5761 149.8024 30.1938 10.0586 12.9831 8.3560 179.4745
M05119 0.0000 0.0000 0.0000 0.0000 -9.0000 -9.0000 0.0000 0.0000 0.0000 0.0000 0 0 0 0 0.0000 0.0000 0.0000 0.0000 0.0000 0.0000 0.0000
M05120 2.9571 3.1345 273.0826 140.6992 329.8740 110.0156 0.0030 0.0048 0.0062 0.0014 12 13 2 2 1.5660 150.3892 30.2578 9.9670 12.8182 8.2743 179.8116
M05122 2.9175 2.9888 367.5203 68.3948 330.1312 81.4190 0.0042 0.0046 0.0136 0.0020 12 9 2 6 1.5427 149.7485 30.0201 10.2514 13.1726 13.3749 179.4957
M05123 2.9744 3.0220 388.9684 104.5390 329.7918 100.8682 0.0035 0.0046 0.0077 0.0016 12 11 2 4 1.5472 150.1089 30.0332 10.1098 13.1322 9.3186 180.4270
M05124 3.0067 3.0733 267.8740 5.1927 330.2542 110.8492 0.0050 0.0035 0.0045 0.0023 12 13 2 2 1.5818 149.8666 30.1155 10.0663 13.1410 8.2648 179.5144
M05125 2.8607 3.0727 257.4256 149.7502 330.0010 110.1658 0.0025 0.0049 0.0065 0.0012 12 12 2 3 1.3327 154.3598 30.0600 10.0171 13.2016 8.8539 180.8582
M05126 3.0615 3.0601 116.7084 32.3512 330.0441 111.2463 0.0021 0.0026 0.0033 0.0010 12 13 2 2 1.6063 149.5761 29.9700 10.0853 13.0021 8.2770 179.4451
M05127 3.0324 3.0749 111.4929 41.4242 330.2523 110.1995 0.0017 0.0030 0.0039 0.0008 12 13 2 2 1.6038 149.5613 29.9974 9.9520 13.0213 8.2354 179.3096
M05129 3.0168 3.1355 28.2023 5.2930 330.0357 110.1915 0.0022 0.0013 0.0017 0.0010 12 13 2 2 1.6188 149.5673 30.0406 10.0167 12.9143 8.1765 179.3244
M05130 3.1265 3.0617 80.1929 23.3397 330.1530 109.8968 0.0036 0.0037 0.0046 0.0017 12 14 2 1 1.5896 150.2548 30.2101 9.9855 12.8834 8.2598 178.8593
M05132 0.0000 0.0000 0.0000 0.0000 -9.0000 -9.0000 0.0000 0.0000 0.0000 0.0000 0 0 0 0 0.0000 0.0000 0.0000 0.0000 0.0000 0.0000 0.0000
M05133 2.9674 3.1163 226.0370 95.7161 329.7365 110.6456 0.0039 0.0045 0.0057 0.0018 12 13 2 2 1.5866 149.8921 30.0481 10.0273 12.8738 8.2833 180.2834
M05134 2.9552 2.9616 404.6382 23.2507 329.8560 92.0861 0.0032 0.0045 0.0092 0.0015 12 11 2 4 1.5656 149.3147 30.1389 10.2188 12.9830 12.3460 179.9394
M05135 2.5550 3.0546 367.4311 14.2109 329.7863 111.2234 0.0045 0.0064 0.0082 0.0021 12 13 2 2 1.5484 149.5865 30.1113 10.0682 12.8376 8.3830 179.9987
M05136 2.9961 3.0581 378.0004 14.2382 329.2204 110.9745 0.0063 0.0053 0.0068 0.0030 12 13 2 2 1.5813 149.7397 30.0662 10.0396 12.7648 8.3291 180.3246
M05138 2.9728 3.0409 399.4539 68.4214 330.0409 111.9481 0.0049 0.0065 0.0081 0.0023 12 13 2 2 1.5690 149.7804 30.0236 10.1225 13.1440 8.4340 179.7588
M05139 3.0591 3.0392 330.6636 95.4310 329.9770 110.9329 0.0044 0.0055 0.0071 0.0021 12 13 2 2 1.5898 149.7794 30.0873 10.0843 13.0830 8.7201 179.5983
M05140 2.9513 3.0915 372.7618 41.3360 329.4319 111.8014 0.0055 0.0061 0.0077 0.0026 12 13 2 2 1.5955 149.4933 30.1642 10.0933 12.8513 8.4341 180.0269
M05141 2.9709 3.0885 325.3519 68.3937 330.1923 111.3111 0.0039 0.0043 0.0054 0.0018 12 13 2 2 1.5876 149.7005 30.0599 10.0963 13.0370 8.3563 179.8809
M05142 2.9943 3.0671 137.3683 68.6727 330.3005 110.9586 0.0033 0.0042 0.0053 0.0016 12 13 2 2 1.5723 149.9630 30.0775 10.1046 13.0865 8.2596 179.9174
M05143 0.0000 0.0000 0.0000 0.0000 -9.0000 -9.0000 0.0000 0.0000 0.0000 0.0000 0 0 0 0 0.0000 0.0000 0.0000 0.0000 0.0000 0.0000 0.0000
M05144 2.9471 3.0383 59.3919 23.3880 330.1581 110.8172 0.0053 0.0051 0.0065 0.0025 12 13 2 2 1.5517 149.9995 30.1469 10.0540 13.0673 8.2430 179.7289
M05145 2.9672 2.9801 49.0204 23.4404 330.2203 110.5544 0.0025 0.0032 0.0042 0.0012 12 13 2 2 1.5097 150.5918 30.0115 10.0143 12.9329 8.2179 180.5606
M05147 2.9829 3.0621 75.0512 32.3225 329.3264 109.7720 0.0035 0.0031 0.0041 0.0017 12 13 2 2 1.5344 150.6286 30.0341 9.9945 13.0615 8.0641 180.8714
M05148 2.9967 3.0967 142.5819 95.7373 330.1656 110.6959 0.0029 0.0027 0.0034 0.0014 12 13 2 2 1.5009 151.5424 30.1934 10.0422 12.9794 8.2920 181.4892
M05149 2.9882 3.0746 59.4254 5.2571 330.0747 111.4442 0.0037 0.0024 0.0030 0.0017 12 13 2 2 1.5200 151.0061 30.0975 10.1060 13.0680 8.2926 181.1381
M05151 3.0399 3.0409 49.0058 5.2168 329.8829 110.7457 0.0040 0.0020 0.0025 0.0019 12 13 2 2 1.6711 148.0973 29.9531 10.0534 13.0072 8.3134 177.7029
M05152 0.0000 0.0000 0.0000 0.0000 -9.0000 -9.0000 0.0000 0.0000 0.0000 0.0000 0 0 0 0 0.0000 0.0000 0.0000 0.0000 0.0000 0.0000 0.0000
M05153 3.0178 3.0325 137.4502 86.7512 329.6445 110.2748 0.0031 0.0035 0.0045 0.0014 12 13 2 2 1.5674 149.9717 30.1176 9.9828 12.8955 8.3159 179.3115
M05154 3.0403 3.1117 147.9179 86.8063 330.0030 110.5672 0.0031 0.0047 0.0060 0.0015 12 13 2 2 1.5985 149.9081 30.1490 10.0086 12.9770 8.2924 179.7779
M05155 2.9790 3.0635 121.8353 77.7112 329.6679 110.4036 0.0027 0.0032 0.0041 0.0013 12 13 2 2 1.5758 149.8084 30.1177 9.9962 12.9886 8.2681 179.2476
M05156 2.8909 3.0580 80.2866 5.3041 330.2873 111.3477 0.0028 0.0025 0.0032 0.0013 12 13 2 2 1.5709 149.5437 30.2081 10.0915 12.9408 8.2694 179.3438
M05158 3.0074 3.1211 69.9220 5.2407 329.7697 110.7679 0.0019 0.0020 0.0025 0.0009 12 13 2 2 1.6298 149.2264 30.1600 10.0530 12.9879 8.2138 179.7809
M05161 2.9178 3.0934 341.2608 113.5432 329.3540 90.9929 0.0031 0.0028 0.0059 0.0014 12 11 2 4 1.5890 149.5226 30.1038 10.1276 12.9369 12.2880 179.2549
M05162 2.9860 3.1184 320.1525 95.4761 329.5823 111.0866 0.0030 0.0039 0.0049 0.0014 12 13 2 2 1.6128 149.4597 30.1289 10.0643 12.9510 8.3410 180.0189
M05165 3.0226 3.0576 373.1789 131.6867 329.6938 111.4394 0.0032 0.0035 0.0044 0.0015 12 13 2 2 1.5946 149.5974 30.0829 10.1105 12.8708 8.3752 179.6843
M05166 2.9430 3.0978 74.9988 14.2576 329.8097 109.6813 0.0031 0.0036 0.0048 0.0015 12 12 2 3 1.4324 152.7202 30.1526 9.9995 12.9480 8.7454 180.1672
M05167 2.9800 3.0956 325.4241 104.4476 329.4823 110.8799 0.0027 0.0032 0.0041 0.0013 12 13 2 2 1.5982 149.5740 30.0408 10.0440 12.8571 8.3470 179.2434
M05168 3.0721 3.0981 309.6114 59.3566 330.3186 110.9227 0.0047 0.0026 0.0033 0.0022 12 13 2 2 1.6175 149.6092 30.2111 10.0477 12.9462 8.3110 179.6418
M05169 3.0135 3.0485 341.2201 95.5170 329.7871 111.0597 0.0046 0.0039 0.0052 0.0022 12 12 2 3 1.5840 149.7120 30.2538 10.1088 12.8184 8.8468 179.4746
M05170 3.0028 3.0971 330.7109 113.4982 330.0990 110.8261 0.0041 0.0042 0.0054 0.0019 12 13 2 2 1.6053 149.5332 30.0969 10.0524 12.8932 8.2855 179.4234
M05171 2.9878 3.0012 69.7934 23.2541 330.0369 111.4903 0.0038 0.0036 0.0045 0.0018 12 13 2 2 1.4993 151.0047 30.2689 10.1170 12.8537 8.3357 181.0377
M05172 3.0230 3.0236 346.5258 104.5159 330.2695 111.1219 0.0052 0.0053 0.0067 0.0025 12 13 2 2 1.5879 149.5502 30.1547 10.0573 12.9511 8.3972 179.4161
M05174 3.0329 3.0417 309.6933 95.4227 330.1206 110.8335 0.0040 0.0049 0.0062 0.0019 12 13 2 2 1.5908 149.6367 30.2035 10.0285 12.9751 8.3862 179.5866
