nb/pos_calib/new_cals100841.ecsv
# %ECSV 0.9
# ---
# datatype:
# - {name: pos_id, datatype: string}
# - {name: length_r1, datatype: float32, format: 6.4f}
# - {name: length_r2, datatype: float32, format: 6.4f}
# - {name: offset_x, datatype: float32, format: 6.4f}
# - {name: offset_y, datatype: float32, format: 6.4f}
# - {name: arc_t, datatype: float32, format: 6.4f}
# - {name: arc_p, datatype: float32, format: 6.4f}
# - {name: rms_t, datatype: float32, format: 6.4f}
# - {name: rms_p, datatype: float32, format: 6.4f}
# - {name: err.length_r2, datatype: float32, format: 6.4f}
# - {name: err.offset_xy, datatype: float32, format: 6.4f}
# - {name: nfit_t, datatype: float32, format: 2.0f}
# - {name: nfit_p, datatype: float32, format: 2.0f}
# - {name: nprune_t, datatype: float32, format: 2.0f}
# - {name: nprune_p, datatype: float32, format: 2.0f}
# - {name: theta_arc_radius, datatype: float32, format: 6.4f}
# - {name: theta_arc_phi, datatype: float32, format: 6.4f}
# - {name: median_angstep_t, datatype: float32, format: 6.4f}
# - {name: median_angstep_p, datatype: float32, format: 6.4f}
# - {name: rms_angstep_t, datatype: float32, format: 6.4f}
# - {name: rms_angstep_p, datatype: float32, format: 6.4f}
# - {name: max_p, datatype: float32, format: 6.4f}
# schema: astropy-2.0
pos_id length_r1 length_r2 offset_x offset_y arc_t arc_p rms_t rms_p err.length_r2 err.offset_xy nfit_t nfit_p nprune_t nprune_p theta_arc_radius theta_arc_phi median_angstep_t median_angstep_p rms_angstep_t rms_angstep_p max_p
[from data line 4742]
M07746 2.8895 3.0774 205.3136 23.2949 299.6298 109.9648 0.0016 0.0021 0.0028 0.0008 11 12 3 8 1.5642 149.8152 30.0792 10.0188 14.7577 17.2303 179.4977
M07747 0.0000 0.0000 0.0000 0.0000 -9.0000 -9.0000 0.0000 0.0000 0.0000 0.0000 0 0 0 0 0.0000 0.0000 0.0000 0.0000 0.0000 0.0000 0.0000
M07748 2.9871 3.1183 158.3468 14.3382 300.4663 109.8292 0.0018 0.0016 0.0021 0.0009 11 12 3 8 1.5908 149.8912 30.1418 10.0399 14.9117 17.1889 179.9243
M07749 2.9937 3.0635 236.5465 5.2585 300.2844 109.8705 0.0015 0.0030 0.0035 0.0008 11 17 3 3 1.5663 150.0562 30.2640 10.0229 14.8532 4.0001 178.0667
M07750 2.9925 3.0682 215.7142 5.2559 300.2437 109.9769 0.0012 0.0008 0.0010 0.0006 11 12 3 8 1.5752 149.9036 30.1192 10.0456 14.8952 17.2500 179.9226
M07751 3.1313 3.0460 205.3022 5.2372 299.8824 110.5662 0.0031 0.0019 0.0023 0.0015 11 14 3 6 1.6069 149.8856 30.3443 10.0477 14.8890 16.1581 177.8055
M07752 3.0154 2.9767 314.9993 122.5245 299.8636 110.2611 0.0022 0.0019 0.0025 0.0011 11 12 3 8 1.5603 149.8222 30.1138 10.0541 14.9072 17.2995 179.3877
M07753 3.0329 3.1304 304.4252 104.5604 300.9186 108.2515 0.0042 0.0051 0.0070 0.0021 11 12 3 8 1.5992 149.9768 31.1915 9.8799 14.5330 16.9510 179.8642
M07754 2.9356 3.0059 273.1411 140.6715 298.8533 109.7663 0.0066 0.0088 0.0117 0.0036 10 12 3 8 1.5036 150.7121 44.2130 10.0074 14.6480 17.3574 180.1465
M07755 3.0227 3.0688 283.5616 140.6649 299.4617 108.4031 0.0095 0.0055 0.0075 0.0048 11 12 3 8 1.5481 150.5665 30.6636 9.8673 14.5816 17.0821 179.8555
M07756 2.9654 2.9962 132.1949 77.7210 300.4185 110.0089 0.0018 0.0015 0.0020 0.0009 11 12 3 8 1.5405 150.0546 30.1986 10.0352 14.7963 17.2909 179.9000
M07757 3.0063 3.0752 142.6500 95.7796 299.5666 109.8044 0.0015 0.0013 0.0017 0.0007 11 12 3 8 1.5629 150.2452 30.0869 10.0330 14.7965 17.1947 179.8120
M07758 2.9901 3.0636 69.8252 41.4430 300.1118 109.7118 0.0021 0.0012 0.0016 0.0011 11 12 3 8 1.5523 150.3173 30.0662 9.9942 14.9419 17.1993 180.0879
M07759 3.0993 3.0481 142.6347 77.7230 300.4651 109.5724 0.0018 0.0011 0.0015 0.0009 11 12 3 8 1.5787 150.2542 30.3033 9.9635 14.8053 17.1976 180.0405
M07761 3.0126 2.9911 278.2990 131.6845 300.1912 108.7812 0.0067 0.0087 0.0118 0.0034 11 12 3 8 1.4978 151.1102 31.1882 9.9901 14.7348 17.0066 180.2760
M07762 2.9923 3.0305 288.8326 149.7183 299.5693 110.2506 0.0019 0.0014 0.0019 0.0010 11 12 3 8 1.5500 150.1812 30.3733 10.0453 14.7791 17.2725 179.9378
M07763 0.0000 0.0000 0.0000 0.0000 -9.0000 -9.0000 0.0000 0.0000 0.0000 0.0000 0 0 0 0 0.0000 0.0000 0.0000 0.0000 0.0000 0.0000 0.0000
M07764 3.0937 3.0900 294.0317 140.6849 299.4834 110.1772 0.0022 0.0017 0.0022 0.0011 11 14 3 6 1.6013 149.9848 29.9743 10.0343 14.9372 16.0843 178.2207
M07766 2.9084 3.0993 267.9409 131.6311 299.1542 109.3997 0.0060 0.0063 0.0085 0.0030 11 12 3 8 1.5524 150.2665 30.8574 10.0210 14.7204 17.2079 179.4181
M07767 2.9717 3.0677 262.7137 140.7220 298.8780 109.5084 0.0057 0.0045 0.0060 0.0029 11 12 3 8 1.5666 149.9856 30.5620 9.9952 14.9459 17.0491 179.8204
M07768 3.0014 3.0422 226.1288 23.2880 300.5560 110.0775 0.0015 0.0019 0.0025 0.0008 11 12 3 8 1.5726 149.8441 30.3103 10.0527 14.8452 17.2229 179.6381
M07780 2.9954 3.1402 278.1643 77.4518 300.4032 110.8215 0.0021 0.0020 0.0026 0.0010 11 12 3 8 1.5942 149.9982 30.1787 10.1306 14.9412 17.3281 180.7144
M07790 3.0556 3.1346 163.5261 95.8268 300.0704 110.3345 0.0015 0.0022 0.0026 0.0007 11 17 3 3 1.5946 150.1791 30.2967 10.0685 14.7261 2.2995 180.3770
M07791 2.9995 3.1000 189.6096 104.7115 300.1026 110.5326 0.0022 0.0020 0.0026 0.0011 11 12 3 8 1.5830 149.9738 29.9858 10.0203 14.9308 17.3344 180.2235
M07792 2.9480 3.1755 200.0051 104.7651 299.9892 110.1680 0.0015 0.0013 0.0017 0.0008 11 12 3 8 1.5974 150.0515 30.2142 10.0773 14.7525 17.2184 180.3001
M07793 2.9926 3.2046 158.3146 104.8611 299.7050 110.2381 0.0019 0.0010 0.0013 0.0010 11 12 3 8 1.6067 150.1971 30.1795 10.0242 14.7546 17.2965 179.7245
M07794 3.1148 3.1713 174.0059 95.7484 300.5925 110.0176 0.0018 0.0012 0.0016 0.0009 11 12 3 8 1.6346 149.8735 30.3045 10.0363 14.8493 17.2824 180.0483
M07801 2.9842 3.1719 293.9591 122.5874 299.6500 110.4516 0.0024 0.0022 0.0030 0.0012 11 12 3 8 1.6027 150.0179 30.2235 10.0789 14.8155 17.2749 179.7362
M07804 2.9989 3.1095 294.1304 158.7563 299.5977 110.6502 0.0022 0.0019 0.0026 0.0011 11 12 3 8 1.6021 149.6586 30.1014 10.0885 14.7974 17.3425 179.3419
M07805 2.9945 3.1163 231.4055 158.8568 299.3510 110.0704 0.0016 0.0013 0.0017 0.0008 11 12 3 8 1.5879 149.9627 30.1366 10.0139 14.7809 17.1856 179.7915
M07806 2.9824 3.1474 163.5694 5.2396 299.3873 110.1912 0.0016 0.0009 0.0012 0.0008 11 12 3 8 1.5959 149.9728 30.0702 10.0842 14.7834 17.2964 180.0773
M07807 2.9981 3.1524 205.2082 113.7450 300.1985 110.2202 0.0015 0.0018 0.0023 0.0008 11 12 3 8 1.5842 150.2831 30.1094 10.0372 14.8272 17.3064 180.0863
M07808 3.0133 3.1528 194.7788 113.7455 299.9677 109.9367 0.0024 0.0015 0.0020 0.0012 11 12 3 8 1.5785 150.4458 30.1599 10.0160 14.8636 17.2417 180.3313
M07809 3.0339 3.1271 184.3353 113.7812 299.8168 110.4745 0.0020 0.0017 0.0022 0.0010 11 12 3 8 1.6223 149.5142 30.1194 10.0508 14.8292 17.3422 178.9727
M07828 3.0188 3.1518 252.2995 158.8685 299.2701 110.5335 0.0025 0.0022 0.0030 0.0013 11 12 3 8 1.6179 149.6971 30.4966 10.0527 14.6800 17.3462 179.7035
M07830 3.0173 3.1524 121.8785 59.6472 300.6898 109.7587 0.0020 0.0016 0.0022 0.0010 11 12 3 8 1.6114 149.8222 30.2503 10.0367 14.7902 17.2540 179.5466
M07831 3.0374 3.1172 106.2435 50.5332 300.7399 110.6439 0.0011 0.0014 0.0018 0.0006 11 12 3 8 1.6050 149.8029 30.1745 10.1138 14.9546 17.4113 179.3311
M07832 3.1796 3.1107 137.4562 50.5753 299.6091 111.5839 0.0024 0.0015 0.0018 0.0012 11 14 3 6 1.6257 150.0697 30.1930 10.1249 14.8932 16.4160 175.8937
M07833 2.9223 3.1097 142.6431 59.6026 300.4326 110.2187 0.0021 0.0027 0.0036 0.0010 11 12 3 8 1.5768 149.8987 30.1208 10.0144 14.8812 17.3405 179.8696
M07834 2.9538 3.0999 132.2554 59.6260 299.6042 110.8489 0.0030 0.0021 0.0027 0.0015 11 12 3 8 1.5740 149.9829 30.1694 10.1391 14.8307 17.4150 180.5367
M07835 2.9816 3.1531 111.4526 59.6644 300.0656 110.2409 0.0018 0.0009 0.0012 0.0009 11 12 3 8 1.5984 149.9617 30.0650 10.0490 14.9097 17.2565 180.3288
M07836 2.9893 3.1724 90.7250 41.4407 299.4587 110.0947 0.0018 0.0011 0.0015 0.0009 11 12 3 8 1.6042 150.0060 30.1166 10.0368 14.7128 17.2796 180.1239
M07837 3.0175 3.1406 174.0018 5.2180 300.0539 109.9909 0.0021 0.0012 0.0017 0.0010 11 12 3 8 1.5983 149.9991 30.1560 10.0262 14.9102 17.2314 180.1989
M07838 3.0370 3.1411 194.8998 5.2444 299.5443 109.9110 0.0020 0.0026 0.0035 0.0010 11 12 3 8 1.5967 150.1046 30.0973 10.0211 14.7889 17.2005 180.2970
M07839 2.9895 3.1050 241.8229 158.8546 300.0817 110.5189 0.0016 0.0012 0.0015 0.0008 11 12 3 8 1.5848 149.9324 30.1898 10.0899 14.8277 17.3268 179.9857
M07840 2.9779 3.1504 215.6697 131.7886 299.7846 110.3100 0.0013 0.0020 0.0027 0.0006 11 12 3 8 1.6205 149.5003 30.1049 10.0504 14.8700 17.2989 179.5981
M07841 2.9698 3.1566 267.7259 59.4148 299.7177 110.3780 0.0013 0.0011 0.0015 0.0007 11 12 3 8 1.6182 149.5638 30.1254 10.1006 14.7429 17.2991 179.2298
M07842 3.0023 3.1008 293.8834 68.4168 300.2938 110.8671 0.0013 0.0008 0.0010 0.0006 11 12 3 8 1.5650 150.3394 30.4685 10.1038 14.8602 17.3555 180.7631
M07843 0.0000 0.0000 0.0000 0.0000 -9.0000 -9.0000 0.0000 0.0000 0.0000 0.0000 0 0 0 0 0.0000 0.0000 0.0000 0.0000 0.0000 0.0000 0.0000
M07844 2.9842 3.1443 309.6770 113.5913 300.1069 109.5261 0.0028 0.0023 0.0030 0.0014 11 13 3 7 1.5858 150.1538 30.0837 10.0004 14.9063 13.7184 179.8230
M07845 3.0164 3.1200 320.1831 113.5411 299.8136 110.0757 0.0025 0.0010 0.0014 0.0013 11 12 3 8 1.5754 150.3089 30.2737 10.0477 14.8566 17.2195 180.0059
M07846 2.9355 3.1500 226.0993 113.7476 299.8260 110.4804 0.0035 0.0030 0.0039 0.0018 11 12 3 8 1.5870 150.0310 30.2800 10.0867 14.6753 17.3376 179.6565
M07847 3.1459 3.1217 205.2300 131.8287 299.5824 110.0148 0.0023 0.0021 0.0028 0.0012 11 12 3 8 1.6088 150.2554 30.2589 10.0585 14.8296 17.2666 179.9699
M07848 2.9886 3.0992 69.8373 41.4731 299.5356 110.4550 0.0017 0.0008 0.0011 0.0008 11 12 3 8 1.5727 150.1292 29.9700 10.0655 14.9047 17.2949 180.1049
M07849 2.9732 3.1314 158.4253 32.4269 300.2970 110.0264 0.0021 0.0025 0.0034 0.0011 11 12 3 8 1.5892 149.9640 30.1534 10.0505 14.8165 17.2693 180.0675
M07860 2.9814 3.1668 142.7847 5.2690 300.0231 110.1977 0.0014 0.0023 0.0031 0.0007 11 12 3 8 1.6018 149.9913 30.2316 10.0445 14.6940 17.2222 179.6973
M07861 2.9642 3.1252 179.1411 68.6671 300.0718 110.0871 0.0012 0.0042 0.0056 0.0006 11 12 3 8 1.5866 149.9430 30.1879 10.0539 14.8022 17.3013 179.5061
M07862 0.0000 0.0000 0.0000 0.0000 -9.0000 -9.0000 0.0000 0.0000 0.0000 0.0000 0 0 0 0 0.0000 0.0000 0.0000 0.0000 0.0000 0.0000 0.0000
M07863 0.0000 0.0000 0.0000 0.0000 -9.0000 -9.0000 0.0000 0.0000 0.0000 0.0000 0 0 0 0 0.0000 0.0000 0.0000 0.0000 0.0000 0.0000 0.0000
M07864 3.0114 3.1407 200.0385 50.4956 300.3297 110.2012 0.0017 0.0026 0.0034 0.0008 11 12 3 8 1.5971 150.0017 30.0975 10.0688 14.8187 17.2646 179.6602
M07865 2.9853 3.1377 163.5917 41.4643 300.4052 110.6238 0.0014 0.0025 0.0033 0.0007 11 12 3 8 1.6042 149.7547 30.1589 10.1075 14.9311 17.3315 179.4719
M07866 2.9886 3.1389 163.5219 59.6143 300.0187 110.5923 0.0019 0.0024 0.0031 0.0010 11 12 3 8 1.6026 149.8057 30.1200 10.0955 14.8590 17.3533 180.1385
M07867 3.0020 3.1644 127.0668 50.5706 299.2931 110.3493 0.0015 0.0026 0.0034 0.0007 11 12 3 8 1.6021 150.0309 30.0921 10.1022 14.8320 17.2796 180.4064
M07868 3.0086 3.2050 116.6452 50.4491 300.5417 109.8653 0.0015 0.0029 0.0039 0.0008 11 12 3 8 1.6191 150.0053 30.1558 10.0410 14.8997 17.2422 180.0773
M07869 3.0166 3.1369 147.9107 50.5428 299.5548 110.7387 0.0018 0.0021 0.0027 0.0009 11 12 3 8 1.5929 150.0764 30.0435 10.1208 14.8219 17.4137 180.2009
M07870 3.0373 3.1633 168.6846 50.4467 299.8189 110.7645 0.0018 0.0025 0.0032 0.0009 11 12 3 8 1.6000 150.1809 30.0550 10.0600 14.8632 17.3628 180.8330
M07872 3.0077 3.1585 158.2650 50.5385 300.2634 109.6816 0.0014 0.0016 0.0021 0.0007 11 12 3 8 1.6278 149.5126 30.3244 10.0106 14.6721 17.1673 179.4099
M07873 0.0000 0.0000 0.0000 0.0000 -9.0000 -9.0000 0.0000 0.0000 0.0000 0.0000 0 0 0 0 0.0000 0.0000 0.0000 0.0000 0.0000 0.0000 0.0000
M07874 0.0000 0.0000 0.0000 0.0000 -9.0000 -9.0000 0.0000 0.0000 0.0000 0.0000 0 0 0 0 0.0000 0.0000 0.0000 0.0000 0.0000 0.0000 0.0000
M07880 2.8800 3.1681 194.7351 59.5004 300.7738 110.2862 0.0019 0.0031 0.0036 0.0009 11 17 3 3 1.5956 149.8860 30.2128 10.0708 14.9156 2.3798 179.6920
M07881 2.9880 3.1660 189.5503 50.4817 300.3834 109.9487 0.0019 0.0019 0.0025 0.0009 11 12 3 8 1.5879 150.2751 30.3459 10.0210 14.8922 17.2366 179.9435
M07882 3.0279 3.1163 179.1267 50.5054 300.1949 110.1160 0.0014 0.0025 0.0034 0.0007 11 12 3 8 1.6123 149.6168 30.1477 10.0833 14.7930 17.3050 179.6983
M07883 3.0551 3.1741 184.3898 41.4496 299.9927 109.8412 0.0015 0.0021 0.0029 0.0008 11 12 3 8 1.6255 149.8246 30.0483 10.0109 14.8742 17.2365 179.6031
M07884 2.9913 3.1064 173.9061 95.7215 299.9945 110.6301 0.0020 0.0023 0.0030 0.0010 11 12 3 8 1.5670 150.2946 30.2932 10.0943 14.7510 17.3642 180.4991
M07885 2.9191 3.1254 184.3155 95.6756 299.4955 110.2084 0.0024 0.0030 0.0039 0.0012 11 12 3 8 1.5588 150.3613 30.1352 10.0741 14.7404 17.3273 180.4124
M07887 3.0170 3.1223 174.0045 41.3967 300.0965 110.2463 0.0024 0.0018 0.0024 0.0012 11 12 3 8 1.6186 149.4883 30.1130 10.0414 14.9077 17.2881 179.8737
M07888 0.0000 0.0000 0.0000 0.0000 -9.0000 -9.0000 0.0000 0.0000 0.0000 0.0000 0 0 0 0 0.0000 0.0000 0.0000 0.0000 0.0000 0.0000 0.0000
M07889 2.9889 3.1463 199.9166 50.4685 300.5181 110.0085 0.0018 0.0020 0.0027 0.0009 11 12 3 8 1.6136 149.6418 30.1411 10.0407 14.8796 17.2700 179.0118
M07890 3.1081 3.1798 194.8299 113.8112 300.1321 109.9619 0.0019 0.0020 0.0027 0.0010 11 12 3 8 1.6190 150.1865 30.2514 9.9924 14.9042 17.2442 180.0177
M07891 2.9717 3.1543 179.1466 104.7439 299.8999 110.3406 0.0023 0.0020 0.0026 0.0012 11 12 3 8 1.5951 150.0036 30.1620 10.0483 14.7966 17.3215 180.2585
M07892 2.9936 3.1124 341.1063 5.2893 300.3307 109.8478 0.0028 0.0019 0.0026 0.0014 11 12 3 8 1.5850 149.9901 30.1951 10.0264 14.8589 17.2037 179.6389
M07893 3.0916 3.2019 184.4066 113.8855 299.8471 110.0545 0.0025 0.0012 0.0017 0.0013 11 12 3 8 1.6314 150.0174 30.0726 10.0312 14.8260 17.2008 179.9420
M07894 3.0018 3.2020 158.3111 86.7621 300.2558 110.1143 0.0018 0.0017 0.0023 0.0009 11 12 3 8 1.6270 149.8110 30.1806 10.0107 14.8946 17.2347 180.4349
M07895 3.0240 3.2396 179.1587 86.7193 300.1573 110.0730 0.0026 0.0013 0.0017 0.0013 11 12 3 8 1.6447 149.8038 30.1641 10.0289 14.8508 17.2435 180.2756
M07896 3.0159 3.1872 163.5787 23.3113 299.7486 109.4511 0.0009 0.0014 0.0019 0.0005 11 12 3 8 1.6131 150.0163 30.1396 10.0023 14.7774 17.1714 179.6991
M07897 3.0060 3.1539 246.9532 113.6350 299.9811 109.9406 0.0013 0.0019 0.0025 0.0006 11 12 3 8 1.5964 150.0835 30.2706 10.0405 14.8489 17.2426 180.4562
M07899 2.9822 3.1260 220.8978 122.7592 299.9651 110.1210 0.0037 0.0011 0.0014 0.0019 11 12 3 8 1.5999 149.7477 30.2616 10.0492 14.7567 17.2560 179.3951
M07901 3.0248 3.1548 226.1599 131.7327 300.1615 110.5915 0.0035 0.0023 0.0030 0.0018 11 12 3 8 1.6056 149.9744 30.3302 10.0734 14.7499 17.3006 179.9341
M07902 3.0038 3.2071 252.2307 140.7751 299.5573 109.7486 0.0067 0.0027 0.0036 0.0034 11 12 3 8 1.6209 149.9715 30.3080 10.0457 14.9853 17.2095 179.3647
M07903 3.0727 3.1512 220.8809 140.8688 300.0633 110.3311 0.0026 0.0024 0.0032 0.0013 11 12 3 8 1.6193 149.8724 30.1391 10.0783 14.8589 17.2377 179.6977
M07904 2.9728 3.2120 241.8129 140.7826 299.8789 109.5071 0.0049 0.0028 0.0037 0.0025 11 12 3 8 1.6085 150.1705 30.1981 10.0098 14.9982 17.0758 180.7022
M07905 3.0471 3.1685 231.3836 140.8247 300.5953 110.1766 0.0029 0.0018 0.0024 0.0014 11 12 3 8 1.6107 150.0437 30.1352 10.0520 14.9957 17.2266 180.2493
M07906 3.0090 3.1773 267.8005 5.2908 300.3085 109.9456 0.0022 0.0014 0.0019 0.0011 11 12 3 8 1.6287 149.6263 30.3128 10.0303 14.7089 17.2410 179.0186
M07907 3.0241 3.1425 330.6039 77.4241 299.4151 110.0923 0.0012 0.0010 0.0013 0.0006 11 12 3 8 1.6218 149.5817 30.0593 10.0462 14.8065 17.2429 179.6306
M07908 3.0112 3.1760 231.3414 122.7140 299.4143 109.2425 0.0084 0.0074 0.0100 0.0043 11 12 3 8 1.5546 151.0525 30.3156 9.9292 14.8414 17.1241 180.9925
M07912 0.0000 0.0000 0.0000 0.0000 -9.0000 -9.0000 0.0000 0.0000 0.0000 0.0000 0 0 0 0 0.0000 0.0000 0.0000 0.0000 0.0000 0.0000 0.0000
M07913 3.1055 3.1842 247.0192 131.7277 299.7984 110.0970 0.0103 0.0037 0.0049 0.0052 11 12 3 8 1.6326 149.9454 30.4951 10.0809 14.8214 17.2824 180.2237
M07914 3.0114 3.1801 173.9473 113.7598 300.1350 110.3622 0.0015 0.0014 0.0019 0.0008 11 12 3 8 1.5949 150.3050 30.0930 10.0844 14.8062 17.2523 180.5565
M07915 3.0515 3.1610 210.4340 122.7660 300.6497 109.7091 0.0010 0.0013 0.0017 0.0005 11 12 3 8 1.5909 150.3914 30.1933 9.9829 14.8517 17.2009 180.5826
M07916 3.0196 3.1652 200.0226 122.7732 300.3328 109.7198 0.0025 0.0013 0.0017 0.0013 11 12 3 8 1.5868 150.3873 30.2847 9.9966 14.8633 17.2156 180.3217
M07917 3.0136 3.2431 189.5854 122.7761 300.0493 110.2580 0.0020 0.0014 0.0018 0.0010 11 12 3 8 1.6246 150.1895 30.3590 10.0954 14.7748 17.2885 180.5356
M07918 3.0258 3.2183 179.1563 122.7891 300.2765 109.9229 0.0016 0.0012 0.0016 0.0008 11 12 3 8 1.6300 149.9377 30.1390 10.0273 14.8449 17.2132 179.4988
M07919 2.9945 3.1836 121.9021 5.2135 300.0808 110.6002 0.0010 0.0022 0.0029 0.0005 11 12 3 8 1.6167 149.8586 30.1215 10.0689 14.9014 17.3499 180.3956
M07920 3.0203 3.2057 101.0910 5.3171 300.1396 109.6592 0.0013 0.0015 0.0020 0.0007 11 12 3 8 1.6141 150.1381 30.1552 9.9504 14.9001 17.1845 179.7381
M07921 2.9757 3.1224 205.2719 41.3541 300.0918 110.8256 0.0015 0.0016 0.0021 0.0007 11 12 3 8 1.5932 149.8338 30.0146 10.1212 14.9087 17.3876 180.4999
