nb/pos_calib/new_cals100924.ecsv
# %ECSV 0.9
# ---
# datatype:
# - {name: pos_id, datatype: string}
# - {name: length_r1, datatype: float32, format: 6.4f}
# - {name: length_r2, datatype: float32, format: 6.4f}
# - {name: offset_x, datatype: float32, format: 6.4f}
# - {name: offset_y, datatype: float32, format: 6.4f}
# - {name: arc_t, datatype: float32, format: 6.4f}
# - {name: arc_p, datatype: float32, format: 6.4f}
# - {name: rms_t, datatype: float32, format: 6.4f}
# - {name: rms_p, datatype: float32, format: 6.4f}
# - {name: err.length_r2, datatype: float32, format: 6.4f}
# - {name: err.offset_xy, datatype: float32, format: 6.4f}
# - {name: nfit_t, datatype: float32, format: 2.0f}
# - {name: nfit_p, datatype: float32, format: 2.0f}
# - {name: nprune_t, datatype: float32, format: 2.0f}
# - {name: nprune_p, datatype: float32, format: 2.0f}
# - {name: theta_arc_radius, datatype: float32, format: 6.4f}
# - {name: theta_arc_phi, datatype: float32, format: 6.4f}
# - {name: median_angstep_t, datatype: float32, format: 6.4f}
# - {name: median_angstep_p, datatype: float32, format: 6.4f}
# - {name: rms_angstep_t, datatype: float32, format: 6.4f}
# - {name: rms_angstep_p, datatype: float32, format: 6.4f}
# - {name: max_p, datatype: float32, format: 6.4f}
# schema: astropy-2.0
pos_id length_r1 length_r2 offset_x offset_y arc_t arc_p rms_t rms_p err.length_r2 err.offset_xy nfit_t nfit_p nprune_t nprune_p theta_arc_radius theta_arc_phi median_angstep_t median_angstep_p rms_angstep_t rms_angstep_p max_p
[from data line 865]
M02717 3.0032 3.1154 388.7555 68.4372 330.1232 110.2543 0.0032 0.0035 0.0045 0.0015 12 13 2 2 1.5936 149.8776 30.4067 9.9966 12.8026 8.4161 179.6467
M02718 0.0000 0.0000 0.0000 0.0000 -9.0000 -9.0000 0.0000 0.0000 0.0000 0.0000 0 0 0 0 0.0000 0.0000 0.0000 0.0000 0.0000 0.0000 0.0000
M02719 0.0000 0.0000 0.0000 0.0000 -9.0000 -9.0000 0.0000 0.0000 0.0000 0.0000 0 0 0 0 0.0000 0.0000 0.0000 0.0000 0.0000 0.0000 0.0000
M02720 0.0000 0.0000 0.0000 0.0000 -9.0000 -9.0000 0.0000 0.0000 0.0000 0.0000 0 0 0 0 0.0000 0.0000 0.0000 0.0000 0.0000 0.0000 0.0000
M02721 0.0000 0.0000 0.0000 0.0000 -9.0000 -9.0000 0.0000 0.0000 0.0000 0.0000 0 0 0 0 0.0000 0.0000 0.0000 0.0000 0.0000 0.0000 0.0000
M02722 3.0117 3.0566 158.3437 68.6774 330.1064 110.4880 0.0020 0.0029 0.0038 0.0009 12 13 2 2 1.5892 149.6471 30.1871 10.0008 12.9152 8.2697 179.8343
M02723 0.0000 0.0000 0.0000 0.0000 -9.0000 -9.0000 0.0000 0.0000 0.0000 0.0000 0 0 0 0 0.0000 0.0000 0.0000 0.0000 0.0000 0.0000 0.0000
M02724 2.9952 3.0583 309.9413 167.8059 329.4856 110.6266 0.0044 0.0044 0.0056 0.0021 12 13 2 2 1.5917 149.5346 30.0806 10.0533 12.8855 8.2470 179.9000
M02727 2.9810 3.0351 357.0347 86.4454 330.4389 110.4756 0.0055 0.0045 0.0057 0.0026 12 13 2 2 1.5568 150.0227 30.2561 10.0462 13.1300 8.0962 179.8212
M02728 2.9825 3.0949 367.8222 122.6092 330.2988 111.0177 0.0044 0.0031 0.0041 0.0021 12 12 2 3 1.5885 149.7690 30.3685 10.0574 12.9939 8.8441 179.5778
M02729 3.0710 3.0279 330.8874 149.6539 329.9060 110.9037 0.0039 0.0034 0.0043 0.0019 12 13 2 2 1.5883 149.8197 30.0905 10.0206 13.1035 8.2679 180.1433
M02730 3.0083 3.0550 215.7081 5.2605 330.1163 110.1029 0.0032 0.0039 0.0050 0.0015 12 13 2 2 1.5632 150.1323 30.2292 10.0050 12.9048 8.1893 179.9569
M02731 2.9193 3.0392 173.9142 59.5681 329.1853 110.6489 0.0039 0.0017 0.0022 0.0018 12 13 2 2 1.5259 150.4124 29.9621 10.0738 13.0297 8.2137 180.5304
M02732 0.0000 0.0000 0.0000 0.0000 -9.0000 -9.0000 0.0000 0.0000 0.0000 0.0000 0 0 0 0 0.0000 0.0000 0.0000 0.0000 0.0000 0.0000 0.0000
M02733 0.0000 0.0000 0.0000 0.0000 -9.0000 -9.0000 0.0000 0.0000 0.0000 0.0000 0 0 0 0 0.0000 0.0000 0.0000 0.0000 0.0000 0.0000 0.0000
M02734 0.0000 0.0000 0.0000 0.0000 -9.0000 -9.0000 0.0000 0.0000 0.0000 0.0000 0 0 0 0 0.0000 0.0000 0.0000 0.0000 0.0000 0.0000 0.0000
M02735 3.0225 3.0911 299.1561 113.5190 329.9912 110.9835 0.0055 0.0070 0.0089 0.0026 12 13 2 2 1.5692 150.2826 29.9848 10.0267 13.2243 8.3665 180.3851
M02736 2.9728 3.0565 231.3669 158.8565 330.2115 110.2967 0.0033 0.0043 0.0055 0.0016 12 13 2 2 1.5714 149.8261 30.1050 9.9917 13.1074 8.3087 180.2231
M02737 3.0187 3.0442 194.8058 59.5357 329.9084 110.3214 0.0042 0.0036 0.0047 0.0020 12 13 2 2 1.5824 149.7448 30.0319 10.0158 12.9982 8.2327 179.7759
M02738 2.8751 2.9751 246.9002 59.4439 330.0139 111.4648 0.0031 0.0080 0.0097 0.0015 12 14 2 1 1.5594 149.1426 30.1032 10.1081 12.9526 8.3316 178.6613
M02739 3.0174 3.0536 241.7407 50.3796 329.8384 110.7346 0.0042 0.0068 0.0087 0.0020 12 13 2 2 1.5805 149.8285 30.0371 10.0740 13.1854 8.2652 179.9235
M02740 3.0364 3.0643 236.4767 131.8037 329.7384 109.5623 0.0035 0.0055 0.0071 0.0016 12 13 2 2 1.5687 150.2047 29.9811 9.9065 13.0011 8.2074 180.1055
M02742 2.9452 3.0538 116.7047 32.3294 330.3501 111.1208 0.0038 0.0023 0.0029 0.0018 12 13 2 2 1.5671 149.7842 30.1545 10.1504 13.0411 8.2335 179.5149
M02743 2.9785 3.0435 299.1385 41.2889 330.6699 111.1114 0.0039 0.0033 0.0042 0.0018 12 13 2 2 1.5683 149.8329 30.1470 10.0685 13.0223 8.1737 179.6532
M02745 3.0914 2.9844 346.3294 32.3425 329.9786 110.5735 0.0054 0.0058 0.0074 0.0026 12 13 2 2 1.5860 149.8032 30.1213 10.0452 12.9365 8.2742 179.8765
M02746 2.9634 3.0483 184.4348 23.2544 329.9571 110.4050 0.0039 0.0024 0.0031 0.0018 12 13 2 2 1.5344 150.4688 30.1314 9.9969 13.0208 8.2033 180.1191
M02747 0.0000 0.0000 0.0000 0.0000 -9.0000 -9.0000 0.0000 0.0000 0.0000 0.0000 0 0 0 0 0.0000 0.0000 0.0000 0.0000 0.0000 0.0000 0.0000
M02748 2.9534 3.1127 163.5211 5.2313 329.5585 110.1389 0.0046 0.0066 0.0085 0.0022 12 13 2 2 1.5611 150.3238 30.0149 9.9989 13.0313 8.0995 179.1115
M02750 2.9562 3.1089 288.7448 5.2742 330.4086 110.8662 0.0030 0.0033 0.0042 0.0014 12 13 2 2 1.5524 150.4778 29.9653 10.0234 13.2286 8.3062 181.0590
M02751 2.9852 3.1075 283.5164 14.2562 330.2757 110.4585 0.0056 0.0034 0.0043 0.0026 12 13 2 2 1.5443 150.7225 29.8816 10.0004 13.1512 8.2226 180.3621
M02752 2.9714 3.0327 399.2376 32.2960 330.1705 110.3193 0.0034 0.0032 0.0042 0.0016 12 13 2 2 1.5223 150.6492 29.9053 10.0370 13.2076 8.1706 180.3504
M02753 2.9946 3.0853 184.3534 95.7105 330.0343 110.7724 0.0028 0.0028 0.0036 0.0013 12 13 2 2 1.5622 150.2696 30.1499 10.0770 12.8600 8.2344 180.1651
M02754 3.0799 3.0367 75.0634 32.3251 329.9821 110.9823 0.0037 0.0028 0.0035 0.0018 12 13 2 2 1.5759 150.1497 30.1211 10.0364 12.9851 8.2733 179.9081
M02756 3.0103 3.1063 278.2622 131.6570 330.0352 110.5795 0.0041 0.0057 0.0074 0.0019 12 13 2 2 1.5734 150.2421 30.2925 10.0569 12.9019 8.3449 180.5564
M02758 2.9935 3.0265 220.9095 86.6114 329.4282 109.8805 0.0036 0.0035 0.0045 0.0017 12 13 2 2 1.5636 149.8986 30.0521 9.9792 12.8433 8.2034 179.8549
M02759 3.0966 3.1038 273.2793 176.8621 329.7907 110.6467 0.0040 0.0050 0.0064 0.0019 12 13 2 2 1.6145 149.8141 30.1728 10.0097 12.8406 8.1884 179.9115
M02760 2.9945 3.0801 272.9910 50.4081 330.3530 109.6910 0.0069 0.0058 0.0073 0.0033 12 14 2 1 1.5700 150.0867 30.1889 9.9934 13.0321 8.2948 179.3335
M02762 3.0211 3.0646 247.0034 41.4150 330.2031 110.4068 0.0060 0.0054 0.0069 0.0028 12 13 2 2 1.5857 149.8046 30.1478 10.0631 13.0105 8.1958 180.1513
M02763 0.0000 0.0000 0.0000 0.0000 -9.0000 -9.0000 0.0000 0.0000 0.0000 0.0000 0 0 0 0 0.0000 0.0000 0.0000 0.0000 0.0000 0.0000 0.0000
M02764 3.0653 3.0955 335.8809 14.2738 329.7626 110.5630 0.0060 0.0036 0.0047 0.0029 12 13 2 2 1.5784 150.3156 30.1479 10.1158 12.9393 8.2503 180.1131
M02765 3.0037 3.0262 257.4852 149.7921 330.2587 110.5538 0.0044 0.0067 0.0086 0.0021 12 13 2 2 1.5508 150.1973 29.9607 9.9970 13.2776 8.2408 180.6293
M02766 2.9629 3.0829 220.9317 14.2544 329.7556 110.4721 0.0040 0.0048 0.0061 0.0019 12 13 2 2 1.5718 149.9463 30.3142 9.9831 12.8580 8.1706 179.8933
M02767 0.0000 0.0000 0.0000 0.0000 -9.0000 -9.0000 0.0000 0.0000 0.0000 0.0000 0 0 0 0 0.0000 0.0000 0.0000 0.0000 0.0000 0.0000 0.0000
M02768 2.8752 3.0618 283.4818 104.5825 330.4830 110.2117 0.0038 0.0064 0.0082 0.0018 12 13 2 2 1.5376 150.1921 30.0999 10.0061 12.9754 8.2406 179.9362
M02769 2.9184 3.0425 106.2786 32.3065 329.8258 110.5566 0.0036 0.0022 0.0028 0.0017 12 13 2 2 1.5540 149.8684 29.9818 10.0096 13.0954 8.1898 180.1024
M02774 2.9887 3.0462 372.8949 95.5093 330.1917 110.9247 0.0059 0.0039 0.0050 0.0028 12 13 2 2 1.5548 150.1610 30.1090 10.1152 13.0331 8.2716 180.2958
M02780 3.0467 3.1300 389.1039 122.6849 330.5911 109.9651 0.0045 0.0076 0.0098 0.0021 12 13 2 2 1.5793 150.4108 30.2449 9.9831 13.0783 8.2064 180.4566
M02781 3.0066 3.1285 189.6297 86.7575 329.6043 110.4752 0.0019 0.0045 0.0058 0.0009 12 13 2 2 1.6295 149.2773 30.1358 10.0321 12.9887 8.1896 179.7428
M02782 2.9647 3.0584 372.8657 77.4154 330.6422 111.0196 0.0059 0.0043 0.0054 0.0028 12 13 2 2 1.5621 149.9883 30.0614 10.1047 13.0679 8.0888 179.9003
M02784 2.9544 3.0999 309.6194 23.2200 329.7790 110.6981 0.0046 0.0029 0.0037 0.0022 12 13 2 2 1.5798 149.8712 30.0319 9.9642 12.8536 8.1810 179.8869
M02785 3.0348 3.1016 346.4216 86.4407 329.9435 110.3120 0.0048 0.0066 0.0084 0.0023 12 13 2 2 1.5919 149.9550 30.0765 10.0086 13.1133 8.3489 179.8056
M02786 3.0085 3.0660 346.3631 50.3258 330.8392 110.9011 0.0047 0.0027 0.0034 0.0022 12 13 2 2 1.5783 149.8995 30.2260 10.0690 13.0775 8.1574 179.9478
M02787 2.9809 3.0574 257.3769 113.6324 330.1116 110.8484 0.0043 0.0033 0.0041 0.0020 12 13 2 2 1.5980 149.3413 30.1254 10.0654 13.0960 8.1658 179.5535
M02789 0.0000 0.0000 0.0000 0.0000 -9.0000 -9.0000 0.0000 0.0000 0.0000 0.0000 0 0 0 0 0.0000 0.0000 0.0000 0.0000 0.0000 0.0000 0.0000
M02790 3.0053 3.0607 252.2284 32.2927 329.8123 110.9858 0.0037 0.0023 0.0029 0.0017 12 13 2 2 1.5574 150.2642 30.0637 10.0809 12.9365 8.3604 179.8532
M02791 2.9813 3.1718 388.8126 86.5048 329.7838 109.6664 0.0055 0.0069 0.0085 0.0026 12 15 2 0 1.6048 149.9668 30.2152 9.9496 12.8264 7.6183 178.6605
M02792 0.0000 0.0000 0.0000 0.0000 -9.0000 -9.0000 0.0000 0.0000 0.0000 0.0000 0 0 0 0 0.0000 0.0000 0.0000 0.0000 0.0000 0.0000 0.0000
M02793 3.0064 3.0570 356.8724 32.3238 329.9073 110.5310 0.0053 0.0058 0.0074 0.0025 12 13 2 2 1.5667 150.0672 30.2465 10.0617 13.0321 8.3008 179.6885
M02794 3.0152 3.0477 335.8349 32.2913 329.8416 110.1489 0.0041 0.0063 0.0082 0.0020 12 13 2 2 1.5722 149.9465 30.0699 9.9986 12.9672 8.1910 179.2871
M02795 3.0354 3.1118 330.6113 95.4953 329.8417 110.7594 0.0044 0.0077 0.0099 0.0021 12 13 2 2 1.5879 150.0925 30.0595 10.0670 13.0640 8.3882 179.9650
M02796 2.9575 3.0541 247.0288 149.7547 330.0430 111.2685 0.0054 0.0041 0.0052 0.0025 12 13 2 2 1.5353 150.4632 30.1855 10.1446 13.1201 8.3147 180.5041
M02798 3.0330 3.0578 404.6714 41.3636 329.4570 110.0663 0.0029 0.0046 0.0061 0.0014 12 12 2 3 1.5694 150.1407 30.4832 10.0860 12.8465 8.8485 180.5041
M02799 2.9859 3.0791 137.4701 50.4805 329.9377 99.5967 0.0034 0.0021 0.0036 0.0016 12 11 2 4 1.5647 150.1491 30.1593 10.0046 12.9235 9.0483 180.3114
M02801 2.9731 3.0875 215.7462 5.2022 330.0170 110.8579 0.0021 0.0033 0.0042 0.0010 12 13 2 2 1.5915 149.6271 30.0732 10.0906 13.0295 8.1896 179.6595
M02802 3.0206 3.0530 231.3744 140.8120 330.2708 110.5376 0.0042 0.0050 0.0064 0.0020 12 13 2 2 1.5650 150.1427 30.1887 10.0170 13.1019 8.2178 180.4329
M02803 3.1095 3.0090 220.9929 14.2202 329.8886 110.5967 0.0033 0.0034 0.0044 0.0016 12 13 2 2 1.6269 149.2149 30.0366 10.0579 12.9272 8.1941 179.3148
M02804 3.2245 3.0710 247.0791 167.8914 330.2000 110.0447 0.0043 0.0039 0.0051 0.0020 12 13 2 2 1.6507 149.7239 30.1751 9.9878 13.0343 8.2212 179.6798
M02806 3.0295 3.0428 356.8536 32.3343 329.8930 110.2693 0.0036 0.0036 0.0046 0.0017 12 13 2 2 1.5452 150.5182 30.1619 10.0573 13.1637 8.2004 180.0862
M02807 3.0106 3.0787 299.1309 77.4503 329.8646 110.8516 0.0048 0.0027 0.0034 0.0023 12 13 2 2 1.5540 150.4567 30.1843 10.0322 12.7919 8.3147 180.7374
M02808 3.0200 3.0660 283.8915 194.9381 330.1532 110.6969 0.0049 0.0050 0.0063 0.0023 12 13 2 2 1.5814 149.8903 30.1254 10.0120 13.0375 8.2243 179.6816
M02809 0.0000 0.0000 0.0000 0.0000 -9.0000 -9.0000 0.0000 0.0000 0.0000 0.0000 0 0 0 0 0.0000 0.0000 0.0000 0.0000 0.0000 0.0000 0.0000
M02810 2.9608 3.0242 184.3098 59.5613 330.1085 110.5903 0.0029 0.0019 0.0024 0.0014 12 13 2 2 1.5372 150.2591 30.1163 10.0954 12.9756 8.1422 180.0621
M02811 2.9932 3.0755 341.0685 5.2538 330.0287 110.0855 0.0047 0.0043 0.0056 0.0022 12 13 2 2 1.5489 150.4647 30.1151 9.9656 12.8999 8.2022 180.1274
M02812 2.9823 3.0403 147.8883 50.4932 330.0451 110.5620 0.0034 0.0021 0.0026 0.0016 12 13 2 2 1.5469 150.2529 30.2976 10.0524 12.9397 8.2210 180.2870
M02813 2.9576 3.0716 54.2913 14.2633 330.1664 110.9497 0.0034 0.0023 0.0029 0.0016 12 13 2 2 1.5740 149.8106 30.0480 10.0441 13.0446 8.2618 179.9425
M02814 2.9946 3.0622 299.1277 23.3899 329.9716 110.8490 0.0044 0.0036 0.0045 0.0021 12 13 2 2 1.5390 150.5881 30.1808 10.0334 13.0222 8.2336 180.3729
M02815 2.9490 3.0486 142.6468 95.7744 330.0203 110.4402 0.0035 0.0027 0.0035 0.0016 12 13 2 2 1.5453 150.1981 30.0253 10.0245 13.0435 8.1426 180.0484
M02817 3.0502 3.0771 231.3351 140.8460 330.3232 109.7888 0.0033 0.0052 0.0068 0.0016 12 13 2 2 1.5943 149.8408 30.1060 9.9891 13.0754 8.2233 180.0192
M02818 3.0127 3.1066 273.0917 14.2500 329.4544 110.4055 0.0034 0.0035 0.0045 0.0016 12 13 2 2 1.5868 149.9926 30.1208 10.0161 12.9580 8.2328 179.4149
M02819 3.0052 3.0446 236.5701 23.2635 329.7750 110.5859 0.0045 0.0035 0.0045 0.0021 12 13 2 2 1.5744 149.8407 30.2938 10.1005 12.7480 8.1858 180.0566
M02820 2.7481 3.0781 121.9359 23.2811 329.7238 109.9581 0.0030 0.0018 0.0022 0.0014 12 14 2 1 1.5112 150.6271 29.9859 10.0122 13.0367 8.1288 180.2106
M02821 2.9069 3.0924 320.0760 41.2670 329.7561 110.8579 0.0054 0.0028 0.0036 0.0026 12 13 2 2 1.5708 149.8449 30.2118 10.0237 12.8298 8.1985 179.3123
M02822 2.6880 3.0645 404.6207 5.2044 329.8589 100.5005 0.0051 0.0064 0.0108 0.0024 12 11 2 4 1.5240 150.1841 30.2375 10.0764 12.9641 9.2803 180.2030
M02823 3.0343 3.1256 226.1957 5.1949 330.0936 110.4827 0.0023 0.0025 0.0032 0.0011 12 13 2 2 1.6084 149.7746 30.1258 10.0381 13.0809 8.1652 180.3679
M02824 3.0736 3.0756 168.8059 14.2522 329.8640 110.5693 0.0020 0.0024 0.0031 0.0009 12 13 2 2 1.6056 149.7285 30.0573 10.0742 12.9761 8.2157 179.5529
M02825 2.9273 3.0817 314.8486 32.3612 330.2065 110.4357 0.0044 0.0034 0.0043 0.0021 12 13 2 2 1.5161 150.9167 30.1228 10.0258 13.1651 8.1743 180.2952
M02826 3.1167 3.0541 367.8433 122.6032 329.4677 100.3804 0.0048 0.0032 0.0049 0.0023 12 14 2 1 1.5725 150.4955 29.9958 10.0546 13.0420 8.1084 176.7131
M02827 2.9556 3.0789 373.1748 131.7035 329.7702 110.4831 0.0055 0.0043 0.0056 0.0026 12 13 2 2 1.5712 149.9053 30.4600 10.0265 12.8725 8.0909 179.7167
M02828 3.1070 3.0916 378.6335 140.6695 329.7182 99.8779 0.0043 0.0042 0.0072 0.0020 12 11 2 4 1.5815 150.4387 30.0065 10.1000 13.2273 9.1297 179.8686
M02829 2.9915 3.0543 346.8233 158.7151 329.5961 80.3319 0.0054 0.0032 0.0091 0.0025 12 10 2 5 1.5771 149.7802 30.2461 10.0820 12.8799 12.4200 179.9246
M02830 3.0192 3.0392 226.0925 41.3614 330.0619 100.1050 0.0030 0.0030 0.0050 0.0014 12 11 2 4 1.5699 149.9665 30.2389 10.1270 12.8480 9.0946 179.6018
M02831 2.9945 3.0798 220.9931 32.3310 329.4959 110.7491 0.0030 0.0038 0.0049 0.0014 12 13 2 2 1.5854 149.7821 30.0190 10.0398 12.9294 8.2332 180.0356
M02832 2.8606 3.0703 127.1279 14.2974 329.8512 110.3941 0.0022 0.0021 0.0027 0.0010 12 13 2 2 1.5647 149.6697 30.0371 9.9959 12.9689 8.1733 179.2173
M02833 2.9971 3.0731 283.4398 50.3706 330.0413 110.3554 0.0030 0.0028 0.0036 0.0014 12 13 2 2 1.5703 150.0481 30.1106 9.9858 12.9929 8.2550 180.3270
M02834 2.9947 3.0480 153.1945 23.3864 330.2074 110.3048 0.0018 0.0023 0.0030 0.0009 12 13 2 2 1.5875 149.5532 30.1922 9.9828 13.0006 8.2052 179.6188
M02835 3.0014 3.0622 299.1494 77.4244 330.1940 110.6564 0.0031 0.0040 0.0052 0.0014 12 13 2 2 1.5958 149.5034 30.2278 10.0269 13.0632 8.3038 179.2839
M02836 2.9934 3.0536 215.6843 95.6437 329.9267 110.1261 0.0029 0.0043 0.0056 0.0014 12 13 2 2 1.5802 149.7239 30.0502 10.0066 12.9640 8.1761 179.1310
M02837 3.0136 3.0689 231.2712 50.4165 330.1230 110.1558 0.0038 0.0032 0.0041 0.0018 12 13 2 2 1.5835 149.8376 30.0038 10.0139 13.1449 8.1726 179.2876
M02839 3.0125 3.0325 383.3293 23.2699 329.7550 100.2277 0.0042 0.0061 0.0104 0.0020 12 11 2 4 1.5564 150.1622 30.1721 10.0983 12.9428 9.1394 180.1618
M02840 3.0099 3.0168 372.7370 5.2266 330.0456 110.4844 0.0059 0.0045 0.0058 0.0028 12 13 2 2 1.5569 150.0571 30.0362 9.9730 13.0452 8.2229 180.3873
M02841 0.0000 0.0000 0.0000 0.0000 -9.0000 -9.0000 0.0000 0.0000 0.0000 0.0000 0 0 0 0 0.0000 0.0000 0.0000 0.0000 0.0000 0.0000 0.0000
M02842 3.0161 3.0806 231.3640 122.7368 329.9041 109.9668 0.0041 0.0048 0.0062 0.0019 12 13 2 2 1.5861 149.8661 29.9455 9.9464 13.0089 8.1790 180.1122
M02843 3.0198 3.0781 236.5522 23.2863 329.6270 100.2271 0.0047 0.0037 0.0062 0.0022 12 11 2 4 1.5755 150.0731 30.1315 10.0613 12.8361 9.1268 180.7275
M02846 3.0264 3.0910 252.1276 68.4844 329.6869 110.4923 0.0038 0.0038 0.0048 0.0018 12 13 2 2 1.6054 149.5938 30.1113 10.0144 12.8749 8.2181 179.3323
M02848 0.0000 0.0000 0.0000 0.0000 -9.0000 -9.0000 0.0000 0.0000 0.0000 0.0000 0 0 0 0 0.0000 0.0000 0.0000 0.0000 0.0000 0.0000 0.0000
M02849 2.9806 3.1074 262.5660 104.5743 330.0336 109.5029 0.0053 0.0042 0.0055 0.0025 12 13 2 2 1.5949 149.7171 30.2211 9.9426 13.0876 8.1546 179.5766
M02850 3.0423 3.1357 252.1153 68.4881 329.6760 110.2024 0.0036 0.0073 0.0094 0.0017 12 13 2 2 1.5966 150.0949 30.1339 10.0053 13.1017 8.1773 180.1320
