nb/pos_calib/new_cals100924.ecsv
# %ECSV 0.9
# ---
# datatype:
# - {name: pos_id, datatype: string}
# - {name: length_r1, datatype: float32, format: 6.4f}
# - {name: length_r2, datatype: float32, format: 6.4f}
# - {name: offset_x, datatype: float32, format: 6.4f}
# - {name: offset_y, datatype: float32, format: 6.4f}
# - {name: arc_t, datatype: float32, format: 6.4f}
# - {name: arc_p, datatype: float32, format: 6.4f}
# - {name: rms_t, datatype: float32, format: 6.4f}
# - {name: rms_p, datatype: float32, format: 6.4f}
# - {name: err.length_r2, datatype: float32, format: 6.4f}
# - {name: err.offset_xy, datatype: float32, format: 6.4f}
# - {name: nfit_t, datatype: float32, format: 2.0f}
# - {name: nfit_p, datatype: float32, format: 2.0f}
# - {name: nprune_t, datatype: float32, format: 2.0f}
# - {name: nprune_p, datatype: float32, format: 2.0f}
# - {name: theta_arc_radius, datatype: float32, format: 6.4f}
# - {name: theta_arc_phi, datatype: float32, format: 6.4f}
# - {name: median_angstep_t, datatype: float32, format: 6.4f}
# - {name: median_angstep_p, datatype: float32, format: 6.4f}
# - {name: rms_angstep_t, datatype: float32, format: 6.4f}
# - {name: rms_angstep_p, datatype: float32, format: 6.4f}
# - {name: max_p, datatype: float32, format: 6.4f}
# schema: astropy-2.0
pos_id length_r1 length_r2 offset_x offset_y arc_t arc_p rms_t rms_p err.length_r2 err.offset_xy nfit_t nfit_p nprune_t nprune_p theta_arc_radius theta_arc_phi median_angstep_t median_angstep_p rms_angstep_t rms_angstep_p max_p
[from data line 649]
M02476 2.9983 3.1002 294.1852 158.7177 330.5870 110.6946 0.0050 0.0041 0.0052 0.0024 12 13 2 2 1.5785 150.0571 30.0796 10.0529 13.1950 8.2203 179.7223
M02477 2.9775 3.0925 163.5500 41.3602 330.1262 110.2074 0.0047 0.0053 0.0068 0.0022 12 13 2 2 1.5394 150.6952 30.2089 9.9909 13.0461 8.2148 180.3704
M02478 3.0682 3.1097 325.4166 86.4550 329.8492 110.3093 0.0054 0.0037 0.0047 0.0026 12 13 2 2 1.6284 149.4442 30.1822 10.0222 12.9461 8.1793 179.5984
M02479 3.0018 3.0447 346.7113 140.6184 330.2239 110.7015 0.0045 0.0023 0.0030 0.0021 12 13 2 2 1.5875 149.5677 30.0884 10.0367 13.0384 8.2959 179.5218
M02480 0.0000 0.0000 0.0000 0.0000 -9.0000 -9.0000 0.0000 0.0000 0.0000 0.0000 0 0 0 0 0.0000 0.0000 0.0000 0.0000 0.0000 0.0000 0.0000
M02481 0.0000 0.0000 0.0000 0.0000 -9.0000 -9.0000 0.0000 0.0000 0.0000 0.0000 0 0 0 0 0.0000 0.0000 0.0000 0.0000 0.0000 0.0000 0.0000
M02482 0.0000 0.0000 0.0000 0.0000 -9.0000 -9.0000 0.0000 0.0000 0.0000 0.0000 0 0 0 0 0.0000 0.0000 0.0000 0.0000 0.0000 0.0000 0.0000
M02483 2.9134 3.0622 252.1742 32.3271 330.0153 111.2137 0.0046 0.0061 0.0077 0.0022 12 13 2 2 1.5634 149.7984 30.2132 10.1115 13.0704 8.2371 180.2476
M02484 3.1043 3.0684 320.1766 113.5467 329.9835 110.6296 0.0049 0.0036 0.0046 0.0023 12 13 2 2 1.6178 149.6180 30.1123 10.0378 12.8947 8.2449 179.7249
M02485 3.0031 3.0954 325.3101 32.3120 329.6768 110.6107 0.0057 0.0031 0.0040 0.0027 12 13 2 2 1.5594 150.4193 30.1753 10.0416 12.8055 8.1843 180.9039
M02486 2.9656 3.0699 267.7891 95.4934 330.1085 110.3844 0.0044 0.0025 0.0032 0.0021 12 13 2 2 1.5707 149.8952 30.0848 10.0489 13.0646 8.1341 179.5862
M02487 2.9850 2.9867 336.0535 122.5567 329.7607 110.6781 0.0040 0.0032 0.0041 0.0019 12 13 2 2 1.5648 149.6189 29.9678 10.0416 13.0900 8.3153 178.9831
M02488 0.0000 0.0000 0.0000 0.0000 -9.0000 -9.0000 0.0000 0.0000 0.0000 0.0000 0 0 0 0 0.0000 0.0000 0.0000 0.0000 0.0000 0.0000 0.0000
M02489 3.0424 3.0405 173.9176 41.4969 330.3614 110.4024 0.0028 0.0041 0.0053 0.0013 12 13 2 2 1.5558 150.3627 30.1929 10.0528 12.9580 8.2632 180.3488
M02490 0.0000 0.0000 0.0000 0.0000 -9.0000 -9.0000 0.0000 0.0000 0.0000 0.0000 0 0 0 0 0.0000 0.0000 0.0000 0.0000 0.0000 0.0000 0.0000
M02492 0.0000 0.0000 0.0000 0.0000 -9.0000 -9.0000 0.0000 0.0000 0.0000 0.0000 0 0 0 0 0.0000 0.0000 0.0000 0.0000 0.0000 0.0000 0.0000
M02493 0.0000 0.0000 0.0000 0.0000 -9.0000 -9.0000 0.0000 0.0000 0.0000 0.0000 0 0 0 0 0.0000 0.0000 0.0000 0.0000 0.0000 0.0000 0.0000
M02494 3.1046 3.0753 246.9778 23.2803 329.9323 110.4096 0.0043 0.0052 0.0066 0.0020 12 13 2 2 1.6052 149.8941 30.1260 10.0400 13.0331 8.2040 180.1140
M02495 3.0236 3.0600 294.3812 194.9587 329.8732 111.1280 0.0049 0.0028 0.0035 0.0023 12 13 2 2 1.5880 149.7458 30.1639 10.0251 12.8696 8.3439 180.0919
M02496 3.0841 3.0577 383.5717 95.5067 329.7165 110.8083 0.0054 0.0042 0.0054 0.0025 12 13 2 2 1.6040 149.7250 30.1135 10.0392 12.8203 8.3578 180.2402
M02497 3.0289 3.0608 205.1586 113.7700 330.1930 109.9953 0.0045 0.0051 0.0066 0.0021 12 13 2 2 1.5700 150.1256 30.1058 10.0024 12.9466 8.1729 179.7690
M02498 2.9648 3.0663 80.2097 5.2451 329.6611 110.4377 0.0036 0.0027 0.0035 0.0017 12 13 2 2 1.5485 150.3071 30.0875 10.0214 13.0099 8.1970 180.5519
M02499 0.0000 0.0000 0.0000 0.0000 -9.0000 -9.0000 0.0000 0.0000 0.0000 0.0000 0 0 0 0 0.0000 0.0000 0.0000 0.0000 0.0000 0.0000 0.0000
M02500 0.0000 0.0000 0.0000 0.0000 -9.0000 -9.0000 0.0000 0.0000 0.0000 0.0000 0 0 0 0 0.0000 0.0000 0.0000 0.0000 0.0000 0.0000 0.0000
M02501 3.0035 3.0832 299.6194 185.9908 329.9001 110.7679 0.0043 0.0064 0.0082 0.0020 12 13 2 2 1.5792 149.9622 30.1285 10.0900 12.7855 8.1914 179.9648
M02502 0.0000 0.0000 0.0000 0.0000 -9.0000 -9.0000 0.0000 0.0000 0.0000 0.0000 0 0 0 0 0.0000 0.0000 0.0000 0.0000 0.0000 0.0000 0.0000
M02503 2.9609 3.0459 283.8747 194.9536 329.6884 110.8837 0.0059 0.0031 0.0040 0.0028 12 13 2 2 1.5694 149.7515 30.0088 10.0272 13.0267 8.3950 179.9290
M02504 2.9613 3.0489 147.8574 86.7409 330.2358 110.8890 0.0039 0.0029 0.0037 0.0018 12 13 2 2 1.5585 149.9866 30.1170 10.0826 13.0699 8.2578 180.6432
M02505 0.0000 0.0000 0.0000 0.0000 -9.0000 -9.0000 0.0000 0.0000 0.0000 0.0000 0 0 0 0 0.0000 0.0000 0.0000 0.0000 0.0000 0.0000 0.0000
M02506 2.9440 3.0667 309.6709 5.2317 330.3919 110.4500 0.0035 0.0047 0.0060 0.0016 12 13 2 2 1.5584 150.0361 30.0810 9.9714 13.0811 8.2045 180.0377
M02507 3.0200 3.0411 320.3137 149.6688 330.4886 110.5881 0.0048 0.0055 0.0071 0.0023 12 13 2 2 1.5882 149.6207 30.1621 10.0124 12.9868 8.4028 179.8887
M02508 3.0278 3.0642 69.8174 41.4225 329.7544 109.6726 0.0036 0.0043 0.0056 0.0017 12 13 2 2 1.4603 152.2697 30.0263 9.9675 13.0333 8.0865 178.7975
M02509 3.0122 3.0115 378.4734 122.6258 330.6245 111.1839 0.0059 0.0048 0.0060 0.0028 12 13 2 2 1.5746 149.6936 30.3253 10.0939 13.0532 8.2460 179.5007
M02513 2.8945 3.0716 69.8274 5.2131 329.6043 109.9484 0.0035 0.0039 0.0051 0.0017 12 13 2 2 1.5362 150.3477 30.0082 9.9771 13.0379 8.1550 179.8469
M02514 3.1503 3.0838 262.7582 158.8287 329.7910 109.8481 0.0044 0.0044 0.0057 0.0021 12 13 2 2 1.6220 149.8621 30.0919 9.9599 12.8425 8.1853 179.4680
M02515 3.0180 3.0950 283.7816 176.8076 329.9303 110.5374 0.0044 0.0058 0.0074 0.0021 12 13 2 2 1.5882 149.9167 30.1816 10.0187 12.7880 8.1815 180.4009
M02516 2.9784 3.0464 210.4470 86.6140 330.2382 109.8640 0.0034 0.0033 0.0043 0.0016 12 13 2 2 1.5681 149.8543 30.0613 9.9611 13.1033 8.1565 180.0855
M02517 2.9916 3.0786 325.3759 86.4344 330.1111 110.1645 0.0034 0.0028 0.0036 0.0016 12 13 2 2 1.5411 150.6300 30.1071 10.0264 12.9282 8.1173 180.3641
M02518 0.0000 0.0000 0.0000 0.0000 -9.0000 -9.0000 0.0000 0.0000 0.0000 0.0000 0 0 0 0 0.0000 0.0000 0.0000 0.0000 0.0000 0.0000 0.0000
M02522 2.9832 3.0787 278.1871 77.4609 330.2327 110.5590 0.0040 0.0022 0.0028 0.0019 12 13 2 2 1.5851 149.7371 30.1181 10.0310 13.0335 8.1738 179.6150
M02523 2.9958 3.0871 283.7813 176.8477 330.3743 110.3097 0.0053 0.0036 0.0047 0.0025 12 13 2 2 1.5933 149.6792 30.1730 10.0207 13.1155 8.2192 179.8500
M02525 0.0000 0.0000 0.0000 0.0000 -9.0000 -9.0000 0.0000 0.0000 0.0000 0.0000 0 0 0 0 0.0000 0.0000 0.0000 0.0000 0.0000 0.0000 0.0000
M02526 3.0749 3.0743 293.9907 14.2349 329.8884 110.0399 0.0052 0.0037 0.0048 0.0025 12 13 2 2 1.6067 149.7082 30.1492 9.9809 12.8854 8.2164 179.7181
M02527 3.0915 3.0246 252.1832 14.3127 329.7202 110.3763 0.0048 0.0036 0.0043 0.0023 12 15 2 0 1.6091 149.5183 30.0165 10.0100 13.0436 7.7279 177.1638
M02528 3.0108 3.1748 194.8350 41.3914 330.1266 110.1850 0.0041 0.0030 0.0038 0.0019 12 13 2 2 1.5899 150.3629 30.0967 9.9637 13.0384 8.2999 180.7334
M02529 2.9919 3.0548 368.1086 158.8114 330.2076 111.0248 0.0046 0.0028 0.0035 0.0022 12 13 2 2 1.5890 149.5510 29.9968 10.0886 13.2064 8.3592 179.8423
M02530 3.1523 3.0999 226.0800 5.2096 330.0972 109.9541 0.0041 0.0054 0.0070 0.0019 12 13 2 2 1.6288 149.8126 30.0899 10.0072 12.9839 8.1110 179.2572
M02532 3.2732 3.0767 220.8787 50.4764 329.7393 110.0102 0.0040 0.0066 0.0084 0.0019 12 14 2 1 1.6516 150.0527 30.1613 9.9992 12.9957 8.1114 179.0638
M02533 3.2616 3.1026 367.9249 140.7300 329.7724 109.6868 0.0063 0.0029 0.0035 0.0030 12 14 2 1 1.6683 149.7376 30.0651 9.8917 12.8543 8.5291 173.7520
M02534 2.9213 3.1009 294.2519 176.8565 329.7649 110.2721 0.0035 0.0030 0.0040 0.0017 12 12 2 3 1.4315 152.7063 30.0661 9.9865 13.2558 8.9099 179.8393
M02536 2.9817 3.1024 346.4550 68.3738 329.8221 110.4749 0.0044 0.0035 0.0045 0.0021 12 13 2 2 1.6034 149.5220 30.1653 10.0390 12.9011 8.0895 179.9982
M02537 3.0238 3.1069 288.8636 149.6640 330.0960 110.3480 0.0041 0.0034 0.0044 0.0019 12 13 2 2 1.5986 149.8095 30.2710 10.0024 12.8238 8.2248 179.8195
M02540 2.9899 3.0879 210.3626 50.4562 329.9296 110.1586 0.0026 0.0025 0.0032 0.0012 12 13 2 2 1.5629 150.2537 30.0894 10.0031 13.0430 8.2305 179.9958
M02541 2.9954 3.1100 147.9585 14.2701 330.0435 110.4447 0.0033 0.0045 0.0058 0.0016 12 13 2 2 1.5683 150.3076 30.1819 10.0201 12.9204 8.1712 180.0755
M02542 2.9773 3.0129 267.8476 41.3489 330.2237 110.8058 0.0038 0.0036 0.0046 0.0018 12 13 2 2 1.5662 149.6945 30.0045 10.1057 13.1143 8.2492 179.7230
M02543 2.9921 3.0966 293.9248 68.3864 330.0814 111.1129 0.0046 0.0034 0.0043 0.0022 12 13 2 2 1.5933 149.7226 30.0426 10.0901 13.1385 8.2975 179.6521
M02544 3.0599 3.0920 200.0493 68.6421 330.1483 110.1476 0.0024 0.0037 0.0047 0.0011 12 13 2 2 1.6110 149.6432 30.1730 9.9944 12.9002 8.2175 179.5049
M02545 2.9559 3.1020 357.5764 176.8531 329.9187 110.8082 0.0032 0.0037 0.0047 0.0015 12 13 2 2 1.5524 150.4306 29.9842 10.0622 13.0594 8.2740 180.6995
M02546 3.0569 3.0927 362.5825 131.5936 329.6534 110.4571 0.0038 0.0028 0.0037 0.0018 12 12 2 3 1.6014 149.8194 29.9962 10.0446 13.1240 8.8252 179.5878
M02547 0.0000 0.0000 0.0000 0.0000 -9.0000 -9.0000 0.0000 0.0000 0.0000 0.0000 0 0 0 0 0.0000 0.0000 0.0000 0.0000 0.0000 0.0000 0.0000
M02548 2.9930 3.0449 147.9513 32.3589 330.0786 111.0484 0.0033 0.0022 0.0028 0.0016 12 13 2 2 1.5633 150.0047 30.1695 10.1155 12.9201 8.2587 180.5074
M02549 3.0377 3.0925 262.5305 68.4845 329.4896 110.3724 0.0064 0.0062 0.0080 0.0030 12 13 2 2 1.5907 149.9384 30.1755 10.0243 12.9793 8.2313 179.8808
M02550 3.0372 3.0971 325.3652 14.2164 330.2445 110.0721 0.0060 0.0030 0.0039 0.0028 12 13 2 2 1.5722 150.3194 29.9907 10.0291 13.0677 8.1447 180.3029
M02551 2.9684 3.0447 278.4271 149.7536 331.6272 112.3254 0.0099 0.0095 0.0117 0.0050 11 13 2 2 1.5299 150.5549 30.8653 10.1613 15.1381 8.2988 181.3361
M02552 2.7987 3.0867 153.0453 59.6223 329.9721 109.7089 0.0034 0.0041 0.0050 0.0016 12 14 2 1 1.5334 150.3091 30.0203 10.0058 13.0608 8.4048 175.2702
M02553 2.9993 3.1050 205.2263 23.2711 330.2827 110.3862 0.0034 0.0024 0.0031 0.0016 12 13 2 2 1.5739 150.1810 30.2039 10.0402 12.9911 8.2398 180.6172
M02554 3.0375 3.0702 335.9334 86.4308 329.9043 110.1871 0.0040 0.0035 0.0045 0.0019 12 13 2 2 1.6136 149.3678 30.1785 10.0078 12.8182 8.1128 179.6626
M02555 2.9972 3.1173 267.8573 5.2349 330.3205 110.0064 0.0028 0.0040 0.0052 0.0013 12 13 2 2 1.5937 149.8654 30.0611 9.9320 13.0788 8.2366 179.7001
M02556 2.9714 3.0640 314.9180 122.5490 330.3917 110.4486 0.0050 0.0033 0.0043 0.0024 12 13 2 2 1.5602 150.0872 30.0573 10.0169 13.1983 8.2093 179.9659
M02557 3.0322 3.1023 168.6704 68.6660 329.8146 110.4659 0.0037 0.0030 0.0039 0.0017 12 13 2 2 1.5790 150.1965 30.2518 10.0267 12.8565 8.2276 180.1699
M02558 3.0028 3.0646 262.6920 14.2104 329.9154 110.3034 0.0045 0.0034 0.0044 0.0021 12 13 2 2 1.5860 149.7165 30.0931 10.0014 12.9661 8.1964 179.9644
M02559 2.9833 3.0667 373.0895 113.5344 329.9084 110.4324 0.0051 0.0046 0.0059 0.0024 12 13 2 2 1.5896 149.5731 30.0260 9.9950 13.0252 8.1497 179.2902
M02560 3.0058 3.0369 330.6245 5.2016 330.0626 110.1304 0.0063 0.0027 0.0035 0.0030 12 13 2 2 1.5409 150.4578 30.0077 9.9838 13.0207 8.1445 179.9651
M02561 0.0000 0.0000 0.0000 0.0000 -9.0000 -9.0000 0.0000 0.0000 0.0000 0.0000 0 0 0 0 0.0000 0.0000 0.0000 0.0000 0.0000 0.0000 0.0000
M02562 3.0069 3.1219 199.9433 50.4922 329.9681 110.4645 0.0024 0.0034 0.0044 0.0011 12 13 2 2 1.5783 150.2294 30.1379 10.0290 12.9065 8.2788 179.8240
M02563 3.0028 3.0885 314.8864 86.5100 329.5804 110.2555 0.0043 0.0028 0.0035 0.0020 12 13 2 2 1.5679 150.2108 30.1687 10.0010 12.7804 8.1713 180.5356
M02564 2.9995 3.0988 362.1374 5.2649 329.3475 110.0439 0.0060 0.0049 0.0061 0.0033 10 14 4 1 1.5218 151.1573 30.0966 10.0520 44.5374 8.3285 176.6145
M02565 3.0222 3.0355 252.2872 158.8336 329.7560 110.7706 0.0060 0.0035 0.0045 0.0028 12 13 2 2 1.5755 149.8514 30.1339 10.0423 12.8984 8.2382 179.2583
M02566 2.9814 3.0674 283.8765 194.9582 330.3636 110.3340 0.0060 0.0033 0.0042 0.0028 12 13 2 2 1.5724 149.9083 30.0569 10.0551 13.2073 8.1873 179.6012
M02567 0.0000 0.0000 0.0000 0.0000 -9.0000 -9.0000 0.0000 0.0000 0.0000 0.0000 0 0 0 0 0.0000 0.0000 0.0000 0.0000 0.0000 0.0000 0.0000
M02568 3.0356 3.0742 189.6173 122.8248 329.8813 110.2619 0.0038 0.0036 0.0046 0.0018 12 13 2 2 1.5734 150.1629 30.0782 10.0262 12.8771 8.2072 180.2846
M02569 3.2188 3.0398 362.6450 149.7886 330.1855 110.4778 0.0040 0.0047 0.0060 0.0019 12 13 2 2 1.6298 149.9860 30.0715 10.0557 13.1924 8.1145 179.9210
M02570 3.1423 3.0797 189.5080 104.7767 329.7247 110.3719 0.0045 0.0045 0.0058 0.0021 12 13 2 2 1.6040 150.1433 30.1183 10.0769 12.8444 8.2245 180.3384
M02571 3.0164 3.0475 299.2321 5.2410 329.8448 110.7160 0.0043 0.0050 0.0063 0.0020 12 13 2 2 1.5796 149.8066 30.0770 10.0583 12.8455 8.2468 179.7773
M02572 2.9682 3.1100 257.4246 131.6591 330.0057 109.7705 0.0028 0.0042 0.0055 0.0013 12 13 2 2 1.5830 149.9229 30.0297 9.9243 12.9958 8.2050 179.5542
M02573 3.0314 3.1088 257.3357 59.4489 329.8584 109.6116 0.0043 0.0025 0.0033 0.0020 12 13 2 2 1.5837 150.1397 30.2351 9.9484 12.7826 8.0257 180.3165
M02574 2.9934 3.1189 278.5357 185.8794 330.2490 110.9180 0.0045 0.0029 0.0036 0.0021 12 13 2 2 1.5924 149.8879 30.2102 10.0674 12.9762 8.3626 179.6030
M02575 3.1380 3.0425 320.2384 131.5988 329.7935 110.5492 0.0039 0.0034 0.0042 0.0018 12 14 2 1 1.6291 149.4849 30.0999 10.0347 12.7785 8.4798 174.9200
M02576 2.9589 3.0576 383.8745 131.6953 329.7023 111.7639 0.0048 0.0079 0.0099 0.0022 12 13 2 2 1.5595 150.0115 30.2953 10.1516 12.6199 8.2756 180.1743
M02577 3.0391 3.1304 173.9634 59.5999 330.2908 110.6217 0.0031 0.0045 0.0058 0.0015 12 13 2 2 1.6219 149.5626 30.0094 10.0484 12.9992 8.2846 179.0490
M02578 3.0345 3.0896 241.7739 140.7954 330.0948 109.9440 0.0041 0.0042 0.0055 0.0020 12 13 2 2 1.5789 150.1368 29.9905 9.9728 13.0843 8.2752 180.5141
M02580 3.1455 3.1152 80.2181 5.2012 330.1509 99.6915 0.0033 0.0018 0.0032 0.0016 12 11 2 4 1.5994 150.4031 30.0156 10.0039 13.1004 9.0954 180.7777
M02581 2.9966 3.0523 199.9392 68.5895 329.9377 111.0431 0.0029 0.0024 0.0031 0.0014 12 13 2 2 1.5503 150.3176 30.0920 10.0672 12.9454 8.2747 179.7721
M02582 0.0000 0.0000 0.0000 0.0000 -9.0000 -9.0000 0.0000 0.0000 0.0000 0.0000 0 0 0 0 0.0000 0.0000 0.0000 0.0000 0.0000 0.0000 0.0000
M02583 2.9797 3.1481 399.3944 68.4884 330.4079 109.7074 0.0047 0.0024 0.0031 0.0022 12 13 2 2 1.5599 150.6693 30.2505 10.0086 13.0459 8.1266 180.4532
M02584 3.0163 3.1427 262.6823 32.3524 330.1259 110.3415 0.0055 0.0064 0.0082 0.0026 12 13 2 2 1.5990 149.9939 30.0868 10.0075 13.1408 8.2351 180.2858
M02585 3.0096 3.0169 315.3309 176.8132 330.0518 110.4379 0.0039 0.0028 0.0036 0.0018 12 13 2 2 1.5736 149.7288 30.1291 10.0273 13.0975 8.2485 180.2397
M02586 3.0066 3.0441 378.0451 32.3209 330.5925 110.3691 0.0047 0.0037 0.0048 0.0022 12 13 2 2 1.5614 150.0995 30.1461 10.0143 13.0560 8.2220 180.3597
M02587 3.0410 3.0347 215.7406 41.4287 330.0703 110.1842 0.0027 0.0037 0.0047 0.0013 12 13 2 2 1.5803 149.8483 30.2183 10.0085 12.9096 8.1841 179.4372
M02588 3.0344 3.0863 252.2152 14.2825 329.7374 110.2466 0.0052 0.0061 0.0079 0.0025 12 13 2 2 1.5771 150.1526 30.1450 10.0419 12.9574 8.2417 179.6193
M02589 3.0135 3.1051 231.2420 68.5851 329.4867 110.3878 0.0043 0.0069 0.0089 0.0020 12 13 2 2 1.5812 150.0952 30.0125 10.0438 12.9929 8.1862 180.4490
M02590 3.0270 3.1010 283.4251 68.4762 330.2388 110.1619 0.0052 0.0072 0.0093 0.0025 12 13 2 2 1.5696 150.3509 30.1972 9.9849 13.0684 8.2304 180.2730
M02592 2.9999 3.1593 163.5466 5.1919 330.0013 110.5195 0.0031 0.0018 0.0023 0.0015 12 13 2 2 1.5869 150.2833 30.0944 10.0647 13.0552 8.1753 180.2593
M02593 2.8351 3.1330 111.4744 23.2808 329.8543 99.3574 0.0035 0.0016 0.0027 0.0016 12 11 2 4 1.5523 150.3845 30.1071 9.9779 12.8869 9.0302 179.7761
M02594 3.0058 3.1190 231.2574 50.4550 330.1766 110.6104 0.0038 0.0067 0.0085 0.0018 12 13 2 2 1.5914 149.9534 30.1579 10.0085 13.0078 8.2073 180.0026
M02595 3.0047 3.0284 273.0045 50.4071 329.6169 110.4368 0.0047 0.0070 0.0089 0.0022 12 13 2 2 1.5539 150.1531 29.9856 10.0301 13.2018 8.1916 180.1970
M02596 2.9902 3.1022 273.1003 140.7093 329.6481 110.3668 0.0022 0.0043 0.0055 0.0010 12 13 2 2 1.5829 149.9528 29.9406 10.0306 13.0433 8.2008 180.2018
M02597 3.0369 3.0985 179.2329 14.2697 329.9131 110.6947 0.0063 0.0053 0.0067 0.0030 12 13 2 2 1.5759 150.2540 30.1110 10.0372 12.9324 8.2111 180.5138
