nb/pos_calib/new_cals100841.ecsv
# %ECSV 0.9
# ---
# datatype:
# - {name: pos_id, datatype: string}
# - {name: length_r1, datatype: float32, format: 6.4f}
# - {name: length_r2, datatype: float32, format: 6.4f}
# - {name: offset_x, datatype: float32, format: 6.4f}
# - {name: offset_y, datatype: float32, format: 6.4f}
# - {name: arc_t, datatype: float32, format: 6.4f}
# - {name: arc_p, datatype: float32, format: 6.4f}
# - {name: rms_t, datatype: float32, format: 6.4f}
# - {name: rms_p, datatype: float32, format: 6.4f}
# - {name: err.length_r2, datatype: float32, format: 6.4f}
# - {name: err.offset_xy, datatype: float32, format: 6.4f}
# - {name: nfit_t, datatype: float32, format: 2.0f}
# - {name: nfit_p, datatype: float32, format: 2.0f}
# - {name: nprune_t, datatype: float32, format: 2.0f}
# - {name: nprune_p, datatype: float32, format: 2.0f}
# - {name: theta_arc_radius, datatype: float32, format: 6.4f}
# - {name: theta_arc_phi, datatype: float32, format: 6.4f}
# - {name: median_angstep_t, datatype: float32, format: 6.4f}
# - {name: median_angstep_p, datatype: float32, format: 6.4f}
# - {name: rms_angstep_t, datatype: float32, format: 6.4f}
# - {name: rms_angstep_p, datatype: float32, format: 6.4f}
# - {name: max_p, datatype: float32, format: 6.4f}
# schema: astropy-2.0
pos_id length_r1 length_r2 offset_x offset_y arc_t arc_p rms_t rms_p err.length_r2 err.offset_xy nfit_t nfit_p nprune_t nprune_p theta_arc_radius theta_arc_phi median_angstep_t median_angstep_p rms_angstep_t rms_angstep_p max_p
[from data line 2701]
M04786 2.7885 3.0103 267.7604 59.3728 270.5570 110.1438 0.0014 0.0028 0.0035 0.0008 10 14 4 6 1.5270 149.7722 45.0988 10.0417 15.0594 16.0393 178.4326
M04787 3.0069 3.0409 346.3449 32.3157 299.8437 110.0522 0.0023 0.0022 0.0030 0.0011 11 12 3 8 1.5894 149.5334 30.4441 10.0348 14.7501 17.2763 179.1948
M04788 0.0000 0.0000 0.0000 0.0000 -9.0000 -9.0000 0.0000 0.0000 0.0000 0.0000 0 0 0 0 0.0000 0.0000 0.0000 0.0000 0.0000 0.0000 0.0000
M04789 2.9398 3.0319 273.2401 158.7616 299.6187 109.4979 0.0018 0.0018 0.0024 0.0009 11 12 3 8 1.5402 150.1579 30.1320 9.9980 14.8574 17.1777 180.2642
M04790 2.9197 3.0521 220.8414 50.4307 300.1376 109.7358 0.0017 0.0025 0.0034 0.0008 11 12 3 8 1.5543 149.9327 30.2632 9.9934 14.7623 17.2219 180.2371
M04791 2.9213 3.0329 184.3428 113.7504 269.8412 110.1275 0.0018 0.0020 0.0027 0.0010 10 12 4 8 1.5332 150.2312 45.0338 10.0189 14.6939 17.2581 179.7417
M04792 0.0000 0.0000 0.0000 0.0000 -9.0000 -9.0000 0.0000 0.0000 0.0000 0.0000 0 0 0 0 0.0000 0.0000 0.0000 0.0000 0.0000 0.0000 0.0000
M04793 2.8472 2.9778 90.6376 5.2171 300.4303 110.1414 0.0014 0.0018 0.0024 0.0007 11 12 3 8 1.5169 149.9180 30.1577 10.0215 14.8612 17.2714 179.9912
M04794 3.0207 3.0795 184.3515 77.6522 300.2442 109.7870 0.0024 0.0013 0.0018 0.0012 11 12 3 8 1.5643 150.3040 30.1276 10.0088 15.0580 17.1958 179.7878
M04795 2.9416 3.0489 241.6727 86.5799 300.3309 110.2970 0.0020 0.0019 0.0025 0.0010 11 12 3 8 1.5352 150.3717 30.0786 10.0684 14.8967 17.2482 180.7190
M04796 2.9853 3.0920 184.4564 5.1708 299.4609 110.0000 0.0030 0.0018 0.0024 0.0015 11 12 3 8 1.5648 150.2251 30.0966 10.0540 14.8493 17.2176 180.0178
M04797 3.0395 3.0784 330.5729 59.3534 299.5021 110.0810 0.0012 0.0024 0.0032 0.0006 11 12 3 8 1.5840 149.9962 30.1083 10.0503 14.7567 17.2276 180.4383
M04798 2.9825 2.9980 314.9055 32.2975 300.4855 110.3113 0.0024 0.0013 0.0017 0.0012 11 12 3 8 1.5396 150.1661 30.0620 10.0522 14.9575 17.2652 180.3110
M04799 2.9645 3.0889 330.6587 23.2330 300.0539 109.0499 0.0020 0.0029 0.0039 0.0010 11 12 3 8 1.5807 149.8162 30.0986 9.9056 14.8681 17.1355 179.6921
M04800 2.9889 3.1047 153.1730 5.1828 299.8600 109.7029 0.0016 0.0024 0.0032 0.0008 11 12 3 8 1.5639 150.3354 30.1366 10.0175 14.8233 17.1505 180.0814
M04801 3.0038 3.0494 163.6073 5.1689 299.4739 109.3565 0.0026 0.0012 0.0017 0.0013 11 12 3 8 1.5515 150.3091 30.3015 9.9795 14.7417 17.0899 179.6935
M04802 2.9866 3.1009 335.8831 32.2804 300.3188 109.4892 0.0016 0.0022 0.0030 0.0008 11 12 3 8 1.5886 149.8203 30.1991 9.9935 14.8156 17.1533 179.2438
M04803 2.9648 3.0483 173.9718 59.5472 299.7262 109.8577 0.0019 0.0026 0.0035 0.0010 11 12 3 8 1.5341 150.4794 30.0927 10.0358 14.7831 17.2020 180.6659
M04804 3.0026 2.9735 304.8347 176.8994 300.6284 111.2332 0.0016 0.0059 0.0077 0.0008 11 12 3 8 1.5471 149.9980 30.5267 10.1682 14.7680 17.4358 180.0542
M04805 2.9942 3.0819 200.0802 14.1836 300.0651 110.6981 0.0017 0.0017 0.0022 0.0008 11 12 3 8 1.5805 149.8893 30.2089 10.1055 14.8577 17.3170 180.5161
M04806 2.9260 3.0960 341.3860 131.5862 269.7535 110.0638 0.0025 0.0026 0.0034 0.0014 10 12 4 8 1.5553 150.2361 45.0063 10.0290 14.8138 17.2901 180.4968
M04808 3.0013 3.0197 294.1534 158.6840 269.5757 109.4785 0.0018 0.0016 0.0021 0.0010 10 12 4 8 1.5611 149.9467 44.9061 10.0013 14.9989 17.2034 180.0695
M04811 2.9500 3.0970 205.1210 77.6553 299.4300 110.3410 0.0012 0.0034 0.0045 0.0006 11 12 3 8 1.5526 150.3726 30.2941 10.0590 14.7925 17.2669 180.5829
M04812 2.9255 3.0624 356.8740 50.3129 300.3114 110.0388 0.0021 0.0029 0.0039 0.0011 11 12 3 8 1.5599 149.9109 30.1503 10.0361 14.8794 17.2344 179.4089
M04813 3.0170 3.0692 252.0937 86.4629 269.9866 109.7788 0.0013 0.0014 0.0018 0.0007 10 12 4 8 1.5725 150.0695 44.8961 10.0480 15.1674 17.2392 179.6787
M04814 2.9752 3.0621 121.8463 59.6151 299.5976 110.4430 0.0031 0.0020 0.0026 0.0016 11 12 3 8 1.5887 149.5295 30.4778 10.0388 14.7657 17.2645 179.0868
M04815 2.9912 3.0550 220.8009 86.5817 299.6365 109.7035 0.0016 0.0012 0.0016 0.0008 11 12 3 8 1.5487 150.3419 30.3308 10.0149 14.7575 17.1592 180.7072
M04818 3.0027 3.0464 158.2982 68.6107 299.6437 109.8183 0.0014 0.0019 0.0025 0.0007 11 12 3 8 1.5535 150.2492 30.1206 9.9951 14.7957 17.1783 180.2492
M04820 2.9485 3.0430 325.7178 158.6587 269.9095 110.2656 0.0024 0.0011 0.0015 0.0013 10 12 4 8 1.5520 150.0273 45.0120 10.0687 14.9650 17.2910 179.8431
M04821 3.0007 3.0304 336.2798 158.7070 269.4002 110.1054 0.0022 0.0015 0.0020 0.0012 10 12 4 8 1.5661 149.9051 44.9487 10.0385 14.9529 17.2431 180.3133
M04822 2.9991 3.0163 357.3423 140.6681 270.1012 110.1623 0.0011 0.0014 0.0019 0.0006 10 12 4 8 1.5615 149.9116 44.8802 10.0322 14.8856 17.2843 179.5523
M04823 2.9532 3.0315 309.6441 5.1746 269.9137 109.5564 0.0010 0.0016 0.0021 0.0006 10 12 4 8 1.5546 149.9255 44.8997 10.0180 14.9592 17.1994 179.7485
M04824 2.9968 3.0586 309.6170 77.4062 269.8892 110.1244 0.0016 0.0020 0.0027 0.0009 10 12 4 8 1.5582 150.2000 44.9649 10.0551 15.0538 17.2473 180.6211
M04825 3.0289 3.0681 310.1478 185.8933 299.5335 109.5882 0.0024 0.0021 0.0029 0.0012 11 12 3 8 1.5765 150.0379 30.3551 10.0096 14.6933 17.0930 180.5275
M04826 3.0086 3.0595 241.8023 140.7692 270.0365 110.2045 0.0018 0.0012 0.0016 0.0010 10 12 4 8 1.5757 149.9142 44.9870 10.0497 15.0693 17.3195 179.4230
M04827 2.9840 3.0987 304.3941 14.2017 270.5618 110.1426 0.0011 0.0026 0.0035 0.0006 10 12 4 8 1.5790 149.9842 45.0237 10.0185 15.0955 17.3341 179.3974
M04828 2.9791 3.0489 335.8713 14.2434 269.7569 110.2656 0.0021 0.0015 0.0020 0.0012 10 12 4 8 1.5615 150.0024 44.6769 10.0903 14.9974 17.2506 180.0717
M04829 2.9260 3.0529 372.7552 59.3512 299.8916 110.0717 0.0022 0.0017 0.0023 0.0011 11 12 3 8 1.5501 150.0440 30.2552 10.0264 14.9250 17.2415 180.0215
M04830 2.9822 3.0538 388.7414 50.3302 270.5096 110.5109 0.0019 0.0015 0.0019 0.0011 10 12 4 8 1.5587 150.0998 45.1676 10.0794 14.9801 17.3141 179.8951
M04831 3.0088 3.0317 383.5653 95.5077 270.4424 109.7899 0.0013 0.0025 0.0034 0.0007 10 12 4 8 1.5701 149.8721 44.9818 10.0426 15.0635 17.2565 179.3528
M04832 3.0230 3.0700 383.5667 95.4987 299.7076 109.4950 0.0016 0.0014 0.0019 0.0008 11 12 3 8 1.5492 150.5531 30.3600 9.9847 14.7731 17.1179 180.1441
M04833 3.0018 3.0347 378.2996 104.5218 299.7592 110.0659 0.0019 0.0019 0.0026 0.0009 11 12 3 8 1.5533 150.1850 30.2993 10.0367 14.7327 17.2033 180.7909
M04834 0.0000 0.0000 0.0000 0.0000 -9.0000 -9.0000 0.0000 0.0000 0.0000 0.0000 0 0 0 0 0.0000 0.0000 0.0000 0.0000 0.0000 0.0000 0.0000
M04835 2.9936 3.0842 179.1193 50.4925 299.9005 110.2066 0.0026 0.0012 0.0016 0.0013 11 12 3 8 1.5610 150.2838 30.4752 10.0481 14.8659 17.2392 180.6633
M04836 3.0075 3.0371 231.2586 50.4001 300.2454 110.0371 0.0014 0.0014 0.0018 0.0007 11 12 3 8 1.5862 149.5783 30.0823 10.0379 14.8573 17.1903 179.7035
M04837 3.0584 3.0504 236.4860 59.4220 300.4929 109.7498 0.0032 0.0024 0.0032 0.0016 11 12 3 8 1.5909 149.8084 30.0246 10.0163 14.9664 17.2059 179.8507
M04838 2.9460 3.0520 330.7240 113.5440 269.4496 110.2876 0.0019 0.0019 0.0025 0.0011 10 12 4 8 1.5467 150.1802 44.9122 10.0755 14.9639 17.2804 180.4935
M04840 2.9661 3.0575 257.4579 149.7471 299.8396 109.9012 0.0015 0.0025 0.0033 0.0007 11 12 3 8 1.5829 149.5781 30.1864 10.0309 14.8088 17.2271 179.7837
M04842 2.9950 3.0926 383.3277 41.3202 300.2253 109.3663 0.0022 0.0011 0.0015 0.0011 11 12 3 8 1.5526 150.5047 30.1415 9.9820 14.8689 17.0953 180.1719
M04843 0.0000 0.0000 0.0000 0.0000 -9.0000 -9.0000 0.0000 0.0000 0.0000 0.0000 0 0 0 0 0.0000 0.0000 0.0000 0.0000 0.0000 0.0000 0.0000
M04844 2.9920 3.0415 142.7373 41.4382 300.3656 110.7647 0.0024 0.0024 0.0032 0.0012 11 12 3 8 1.5561 150.1221 30.2290 10.0965 14.8297 17.3285 180.5495
M04845 2.9828 3.0800 346.3098 32.3086 270.4815 109.9622 0.0011 0.0015 0.0019 0.0006 10 12 4 8 1.5770 149.9013 45.0181 10.0122 15.1084 17.2232 179.5070
M04847 2.9628 3.0338 215.7008 5.2050 299.3330 110.3377 0.0021 0.0029 0.0038 0.0011 11 12 3 8 1.5502 150.0672 30.0965 10.0690 14.7917 17.2293 179.8967
M04848 3.1093 3.0864 246.9640 41.3262 299.8617 109.8370 0.0021 0.0020 0.0024 0.0011 11 14 3 6 1.6175 149.7360 30.1606 10.0002 14.7647 16.0522 176.6788
M04849 0.0000 0.0000 0.0000 0.0000 -9.0000 -9.0000 0.0000 0.0000 0.0000 0.0000 0 0 0 0 0.0000 0.0000 0.0000 0.0000 0.0000 0.0000 0.0000
M04850 2.9839 3.0357 220.8984 32.3095 299.4482 110.2251 0.0020 0.0014 0.0018 0.0010 11 12 3 8 1.5800 149.5813 29.9648 10.0325 14.8806 17.2565 179.8591
M04851 2.9342 3.0811 252.1837 32.2881 299.4386 110.0484 0.0023 0.0018 0.0025 0.0012 11 12 3 8 1.5804 149.6621 29.9733 10.0440 14.8599 17.2197 179.6350
M04854 2.9817 3.0889 184.4553 5.1612 269.9333 109.4769 0.0012 0.0022 0.0029 0.0007 10 12 4 8 1.5730 150.0305 44.9650 10.0125 14.9330 17.1352 180.0257
M04855 2.9461 3.0399 231.3438 14.2083 300.2398 109.7726 0.0022 0.0023 0.0030 0.0011 11 12 3 8 1.5642 149.7558 30.1710 10.0055 14.8732 17.2068 180.1232
M04856 2.9881 3.0802 226.1263 5.1777 269.9995 110.1575 0.0015 0.0030 0.0040 0.0009 10 12 4 8 1.5838 149.7897 44.8169 10.0433 15.0167 17.2493 179.6355
M04859 2.9922 3.0649 309.6429 41.3044 269.9614 110.3275 0.0015 0.0017 0.0023 0.0008 10 12 4 8 1.5599 150.1844 44.9446 10.0954 14.9924 17.2190 180.5857
M04860 2.8675 3.0883 346.9931 176.8230 270.4434 110.2898 0.0013 0.0015 0.0020 0.0007 10 12 4 8 1.5672 149.7785 44.9796 10.0520 14.9872 17.2994 179.4925
M04861 2.9178 3.0685 335.9138 86.4470 269.5268 110.1088 0.0019 0.0019 0.0026 0.0011 10 12 4 8 1.5584 149.9555 44.8637 10.0190 15.0567 17.2597 180.2654
M04862 2.9941 3.0772 341.1701 77.3487 269.1307 109.8599 0.0031 0.0018 0.0024 0.0017 10 12 4 8 1.5796 149.8786 44.7579 10.0018 15.0427 17.2534 179.4610
M04863 2.9711 3.0238 304.3844 68.3705 269.9246 110.6084 0.0017 0.0029 0.0038 0.0010 10 12 4 8 1.5490 150.0673 44.9147 10.0678 15.1556 17.3665 179.8099
M04864 3.0071 3.0674 351.7314 77.4154 270.5377 110.0848 0.0024 0.0019 0.0025 0.0013 10 12 4 8 1.5741 149.9838 45.0900 10.0212 15.0031 17.2257 179.6387
M04866 2.9591 3.0321 252.1456 122.7195 269.6864 109.7504 0.0023 0.0015 0.0020 0.0013 10 12 4 8 1.5511 150.0225 44.8022 9.9874 14.9699 17.2575 179.6301
M04867 2.9609 3.0137 351.8885 113.5007 270.5630 110.4836 0.0020 0.0016 0.0022 0.0011 10 12 4 8 1.5403 150.1363 45.0040 10.0649 15.0754 17.2782 180.4888
M04868 2.7880 3.0989 205.2343 5.1787 300.1913 110.2213 0.0026 0.0020 0.0023 0.0013 11 19 3 1 1.5662 149.7272 30.1846 9.9835 14.8105 2.4626 177.9207
M04869 2.9919 3.0813 241.7177 104.6648 299.4137 110.0810 0.0022 0.0020 0.0027 0.0011 11 12 3 8 1.5585 150.3077 30.1621 10.0400 14.7658 17.2637 180.4365
M04870 3.0179 3.0864 367.4554 14.3032 299.3235 109.8085 0.0025 0.0019 0.0025 0.0013 11 12 3 8 1.5987 149.6619 30.1962 10.0285 14.8884 17.1972 179.0494
M04871 2.9537 3.0851 293.9407 104.5397 300.1059 109.8774 0.0020 0.0017 0.0023 0.0010 11 12 3 8 1.5405 150.5441 30.3273 10.0059 14.7348 17.2225 180.1453
M04872 2.9433 3.0461 341.6177 167.7413 269.9391 110.1359 0.0008 0.0011 0.0015 0.0004 10 12 4 8 1.5560 149.9483 44.9390 10.0330 15.0330 17.2313 180.4948
M04873 2.9473 3.0521 252.1230 104.6179 300.2224 109.7536 0.0017 0.0020 0.0026 0.0009 11 12 3 8 1.5398 150.3224 30.3257 10.0450 14.7874 17.2287 179.8357
M04874 3.0459 3.0779 336.4174 176.8245 270.4333 109.9180 0.0012 0.0013 0.0017 0.0007 10 12 4 8 1.5774 150.1531 44.9984 10.0371 15.0334 17.2383 180.1976
M04875 2.9635 3.0853 215.6275 5.2128 299.6526 109.4510 0.0011 0.0019 0.0026 0.0006 11 12 3 8 1.5803 149.7960 30.0812 9.9833 14.7969 17.1898 179.2302
M04876 2.9140 3.0393 153.1164 5.1913 299.5180 109.6824 0.0016 0.0008 0.0011 0.0008 11 12 3 8 1.5262 150.3867 30.1663 10.0091 14.7303 17.1626 180.1127
M04877 3.0018 3.0436 246.8722 59.4734 300.2650 109.8215 0.0029 0.0013 0.0017 0.0015 11 12 3 8 1.5563 150.1738 30.1353 9.9868 14.8654 17.2264 179.6548
M04878 3.0807 3.0909 236.5018 113.6406 299.4879 110.1563 0.0019 0.0012 0.0016 0.0010 11 12 3 8 1.5679 150.5662 30.1656 10.0398 14.8232 17.1799 181.1665
M04879 2.9679 3.0577 226.0661 59.4531 300.1839 110.8204 0.0018 0.0016 0.0017 0.0009 11 18 3 2 1.5593 150.0531 30.2145 10.0326 14.8284 3.3430 180.1335
M04880 3.0372 3.0401 252.1786 122.6406 299.7954 110.6199 0.0024 0.0017 0.0023 0.0012 11 12 3 8 1.6000 149.4706 30.1732 10.1226 14.7695 17.2865 179.4301
M04881 2.9890 3.0398 273.2698 176.8444 300.3524 109.9769 0.0020 0.0013 0.0018 0.0010 11 12 3 8 1.5647 149.9288 30.3569 10.0312 14.7136 17.2938 179.5686
M04882 0.0000 0.0000 0.0000 0.0000 -9.0000 -9.0000 0.0000 0.0000 0.0000 0.0000 0 0 0 0 0.0000 0.0000 0.0000 0.0000 0.0000 0.0000 0.0000
M04883 3.0158 3.1104 246.9864 5.2025 300.6008 109.6610 0.0020 0.0024 0.0032 0.0010 11 12 3 8 1.5814 150.1315 30.2131 9.9848 14.8915 17.2231 179.5726
M04884 3.0178 3.0870 236.5333 41.3090 299.8376 110.1124 0.0022 0.0007 0.0010 0.0011 11 12 3 8 1.5934 149.7667 30.2396 10.0268 14.7713 17.2189 179.8330
M04888 3.0958 3.0727 288.6726 77.4332 299.9421 109.6561 0.0028 0.0031 0.0042 0.0014 11 12 3 8 1.5763 150.3920 30.1795 10.0006 14.8235 17.1229 180.6231
M04889 3.0439 3.0543 142.6918 59.6381 300.2833 109.6292 0.0019 0.0024 0.0032 0.0010 11 12 3 8 1.5604 150.3492 30.2969 9.9814 14.7981 17.0891 180.7287
M04891 2.9269 3.0657 336.0316 122.4847 269.5026 109.8383 0.0017 0.0015 0.0020 0.0010 10 12 4 8 1.5334 150.4652 44.8010 10.0187 14.9833 17.1857 180.1696
M04892 2.9973 3.1066 299.1102 59.3804 300.5238 109.9311 0.0025 0.0019 0.0026 0.0013 11 12 3 8 1.5606 150.4417 30.2907 10.0192 14.8276 17.1778 179.9906
M04893 3.0163 3.0318 288.6615 59.3815 300.1277 110.3386 0.0021 0.0012 0.0015 0.0010 11 12 3 8 1.5804 149.7061 30.0766 10.0635 14.9006 17.2915 179.2678
M04894 3.1429 3.0370 220.8080 68.5254 300.1492 110.5740 0.0012 0.0013 0.0016 0.0006 11 14 3 6 1.5974 150.1035 30.0194 10.0641 14.9677 16.1474 177.8066
M04895 3.0598 2.9911 388.7714 68.3997 269.6678 110.1151 0.0014 0.0021 0.0028 0.0008 10 12 4 8 1.5601 150.1447 44.8816 10.0531 14.9434 17.3056 180.2037
M04896 2.7648 3.0651 257.3526 23.3094 300.0781 110.2536 0.0016 0.0014 0.0019 0.0008 11 12 3 8 1.5393 149.9415 30.2340 10.0463 14.8809 17.2652 179.8741
M04897 3.0174 3.0799 132.2511 77.6873 299.3914 109.8089 0.0022 0.0014 0.0019 0.0011 11 12 3 8 1.5896 149.7978 30.3566 10.0303 14.6552 17.1629 179.7608
M04899 2.9899 3.0028 127.0368 68.6405 299.9660 109.8441 0.0020 0.0022 0.0029 0.0010 11 12 3 8 1.5255 150.5049 30.1004 10.0210 14.9301 17.1481 180.6664
M04900 2.9752 3.1234 142.6489 77.7032 299.7707 109.6872 0.0016 0.0012 0.0016 0.0008 11 12 3 8 1.5657 150.3746 30.2762 10.0298 14.8016 17.0907 180.5093
M04901 3.0246 3.0567 241.6832 68.4608 300.0432 110.4017 0.0014 0.0015 0.0020 0.0007 11 12 3 8 1.5861 149.7693 30.0701 10.0521 14.8519 17.2339 179.5558
M04902 2.9791 3.0150 236.5451 23.2481 300.0508 110.2043 0.0021 0.0033 0.0044 0.0011 11 12 3 8 1.5642 149.7538 30.1208 10.0390 14.9231 17.3081 180.1833
M04903 3.0322 3.0399 394.2464 95.5285 300.7324 110.1992 0.0016 0.0026 0.0035 0.0008 11 12 3 8 1.5647 150.1352 30.1326 10.0333 14.9535 17.2599 180.6442
M04904 2.9918 3.0699 273.1181 140.6954 299.8116 109.7738 0.0017 0.0023 0.0031 0.0009 11 12 3 8 1.5636 150.1400 30.2568 9.9913 14.8386 17.1926 180.1316
M04905 3.0479 3.0299 362.8839 167.8150 269.3911 110.1859 0.0034 0.0015 0.0021 0.0019 10 12 4 8 1.5679 150.1019 44.7157 10.0640 14.9414 17.2257 180.5575
M04906 2.9777 3.0345 273.0815 122.6067 300.1624 110.1619 0.0019 0.0020 0.0026 0.0010 11 12 3 8 1.5488 150.1639 30.3815 10.0314 14.8085 17.2641 180.7221
M04907 3.0399 3.0640 357.6416 176.8257 270.2767 109.9802 0.0016 0.0014 0.0018 0.0009 10 12 4 8 1.5644 150.3019 45.1568 10.0324 15.0848 17.2355 179.7471
M04908 2.9910 3.0988 101.0147 59.6265 300.2600 109.7127 0.0015 0.0013 0.0017 0.0007 11 12 3 8 1.5504 150.5701 30.3835 10.0041 14.7389 17.1685 181.0352
M04909 3.0209 3.0614 116.6047 68.6124 299.9579 110.5297 0.0022 0.0013 0.0017 0.0011 11 12 3 8 1.5735 150.0243 30.2558 10.0790 14.7826 17.3003 179.9794
M04910 3.0791 3.0194 106.2004 68.6886 300.9669 110.0341 0.0021 0.0018 0.0024 0.0011 11 12 3 8 1.5532 150.5106 30.1678 10.0185 14.8827 17.2475 180.8624
