nb/pos_calib/new_cals95734.ecsv
# %ECSV 0.9
# ---
# datatype:
# - {name: pos_id, datatype: string}
# - {name: length_r1, datatype: float32, format: 6.4f}
# - {name: length_r2, datatype: float32, format: 6.4f}
# - {name: offset_x, datatype: float32, format: 6.4f}
# - {name: offset_y, datatype: float32, format: 6.4f}
# - {name: arc_t, datatype: float32, format: 6.4f}
# - {name: arc_p, datatype: float32, format: 6.4f}
# - {name: rms_t, datatype: float32, format: 6.4f}
# - {name: rms_p, datatype: float32, format: 6.4f}
# - {name: err.length_r2, datatype: float32, format: 6.4f}
# - {name: err.offset_xy, datatype: float32, format: 6.4f}
# - {name: nfit_t, datatype: float32, format: 2.0f}
# - {name: nfit_p, datatype: float32, format: 2.0f}
# - {name: nprune_t, datatype: float32, format: 2.0f}
# - {name: nprune_p, datatype: float32, format: 2.0f}
# - {name: theta_arc_radius, datatype: float32, format: 6.4f}
# - {name: theta_arc_phi, datatype: float32, format: 6.4f}
# - {name: median_angstep_t, datatype: float32, format: 6.4f}
# - {name: median_angstep_p, datatype: float32, format: 6.4f}
# - {name: rms_angstep_t, datatype: float32, format: 6.4f}
# - {name: rms_angstep_p, datatype: float32, format: 6.4f}
# - {name: max_p, datatype: float32, format: 6.4f}
# schema: astropy-2.0
pos_id length_r1 length_r2 offset_x offset_y arc_t arc_p rms_t rms_p err.length_r2 err.offset_xy nfit_t nfit_p nprune_t nprune_p theta_arc_radius theta_arc_phi median_angstep_t median_angstep_p rms_angstep_t rms_angstep_p max_p
[from data line 108]
M01295 3.1542 3.0136 252.1526 104.6022 329.9743 120.4911 0.0034 0.0027 0.0023 0.0014 15 21 0 0 2.7368 127.3767 30.0194 10.0617 0.0986 0.1168 179.7876
M01296 2.8412 3.1033 283.4537 68.4386 329.9566 120.0303 0.0035 0.0032 0.0026 0.0014 15 21 0 0 2.9119 121.5375 29.9879 10.0079 0.0750 1.2407 174.2108
M01297 3.0922 3.0345 257.3676 59.4722 329.9622 120.2082 0.0037 0.0024 0.0020 0.0015 15 21 0 0 2.9654 122.1135 30.0260 9.9895 0.1241 1.1075 174.8861
M01307 3.1531 3.0861 215.6312 41.4168 329.8842 120.0066 0.0022 0.0031 0.0026 0.0009 15 21 0 0 2.9444 123.6938 29.9573 10.0461 0.1146 0.9126 175.7348
M01325 3.1726 2.9962 252.1373 50.3674 329.8605 120.5467 0.0024 0.0031 0.0025 0.0010 15 21 0 0 3.0983 119.7827 29.9850 10.0459 0.1854 1.6322 172.5668
M01327 2.8860 3.0452 330.6234 77.3776 329.8899 120.0292 0.0027 0.0029 0.0025 0.0011 15 21 0 0 2.6889 126.1652 29.9857 10.0186 0.1497 0.2813 178.9163
M01334 3.1655 3.0532 262.6259 32.2558 329.9419 120.4146 0.0024 0.0029 0.0024 0.0010 15 21 0 0 2.9043 124.3528 29.9735 10.0235 0.0849 0.6266 177.2646
M01335 2.8720 3.0421 241.7505 32.2859 329.7816 120.6123 0.0025 0.0022 0.0018 0.0010 15 21 0 0 2.8522 122.4188 29.9266 10.0237 0.1926 0.9502 175.4924
M01336 3.1904 3.0613 315.1098 158.7057 329.9230 120.3358 0.0031 0.0025 0.0021 0.0013 15 21 0 0 2.8511 125.7827 29.9861 9.9908 0.0960 0.3938 178.5986
M01341 2.9553 3.0607 267.7570 59.4188 330.0889 80.1763 0.0030 0.0024 0.0056 0.0012 15 17 0 4 2.6992 126.7182 30.0519 10.0216 0.1240 0.1185 179.5873
M01344 2.8421 3.0788 293.9102 68.4310 329.9313 120.0322 0.0024 0.0025 0.0021 0.0010 15 21 0 0 2.7720 124.3419 29.9737 10.0036 0.1244 0.6671 176.8758
M01345 3.0431 3.0407 346.6035 122.5754 330.0624 120.4222 0.0030 0.0029 0.0024 0.0012 15 21 0 0 2.8735 123.6289 30.0127 10.0000 0.0844 0.8488 176.4559
M01348 2.9696 3.0183 341.1459 77.3886 329.8193 120.2298 0.0032 0.0028 0.0024 0.0013 15 21 0 0 2.7590 125.1346 30.0084 10.0233 0.1687 0.4724 177.6640
M01360 3.1599 3.0348 262.5317 104.6045 329.6644 120.0046 0.0038 0.0021 0.0018 0.0016 15 21 0 0 2.8744 124.7526 29.9532 10.0442 0.0759 0.5988 177.1619
M01361 3.0310 3.0255 309.6456 77.4558 330.0959 120.0251 0.0037 0.0025 0.0021 0.0015 15 21 0 0 2.8308 124.2689 29.9620 9.9536 0.1388 0.7690 176.6929
M01362 3.1237 3.0045 389.1566 122.6038 329.9396 120.2918 0.0052 0.0035 0.0029 0.0022 15 21 0 0 2.9600 122.2731 30.0009 10.0302 0.1086 1.0755 175.0428
M01364 3.0299 3.1161 336.0090 122.5872 330.1311 120.0348 0.0030 0.0038 0.0032 0.0012 15 21 0 0 2.8692 124.3619 30.0267 10.0035 0.1063 0.6027 177.0891
M01374 3.0378 3.0514 293.8906 50.3722 329.8902 120.0435 0.0036 0.0024 0.0020 0.0015 15 21 0 0 3.0370 120.1655 29.9948 9.9968 0.0842 1.5468 172.7536
M01376 3.0626 3.0365 299.2133 113.5355 329.7831 83.9137 0.0025 0.0037 0.0067 0.0010 15 21 0 0 1.9844 142.0295 29.9777 6.9944 0.1442 1.0943 167.7636
M01380 3.3612 3.0901 351.6505 5.2092 330.1632 120.5966 0.0026 0.0022 0.0018 0.0011 15 21 0 0 3.1103 122.5367 29.9841 10.0556 0.1417 1.0465 175.2626
M01382 3.1670 3.0559 315.3485 176.8151 329.7483 119.7907 0.0044 0.0030 0.0025 0.0018 15 21 0 0 2.7812 126.9421 30.0353 10.0291 0.1835 0.2471 179.1681
M01383 3.1304 3.0361 273.0156 86.5257 329.8912 120.5986 0.0027 0.0022 0.0018 0.0011 15 21 0 0 2.8799 124.3433 29.9843 10.0431 0.1033 0.5088 177.4150
M01387 3.1945 3.0588 173.9689 5.2277 330.0170 119.9526 0.0027 0.0024 0.0020 0.0011 15 21 0 0 2.7722 127.4233 30.1068 9.9924 0.2355 0.1386 180.0887
M01389 3.0946 3.0689 210.4359 50.3801 330.0777 119.9915 0.0017 0.0020 0.0017 0.0007 15 21 0 0 2.9526 122.7543 29.9810 10.0032 0.1210 1.0852 175.4084
M01400 3.0139 3.0457 335.8730 68.4238 329.7997 120.1173 0.0048 0.0034 0.0029 0.0020 15 21 0 0 2.6728 127.6575 29.9557 9.9780 0.1329 0.1450 179.7522
M01403 3.0108 3.0551 189.6394 14.3020 330.1052 120.0690 0.0017 0.0022 0.0019 0.0007 15 21 0 0 2.6094 129.0492 29.9919 10.0168 0.1295 0.1158 180.1427
M01404 3.0094 3.0007 257.4313 5.2819 329.9808 120.0253 0.0057 0.0037 0.0032 0.0023 15 21 0 0 2.7994 124.4790 29.9952 9.9946 0.1043 0.6326 177.0630
M01405 3.0348 2.9749 352.0644 149.7340 329.6249 61.3068 0.0046 0.0030 0.0107 0.0019 15 21 0 0 2.1045 139.0186 29.9224 5.0155 0.1633 0.4543 160.9439
M01407 3.0045 3.0348 194.7843 77.6879 329.9858 120.3877 0.0020 0.0026 0.0022 0.0008 15 21 0 0 2.6063 128.8704 30.0163 10.0341 0.1109 0.0686 180.2911
M01426 3.0264 3.0110 357.1165 104.5187 329.6946 119.8700 0.0030 0.0027 0.0023 0.0012 15 21 0 0 2.5792 129.4209 29.9517 10.0045 0.2031 0.0767 180.3602
M01432 3.0236 3.0246 252.1504 122.6920 330.1391 120.1331 0.0023 0.0025 0.0021 0.0010 15 21 0 0 2.6063 128.9485 29.9924 9.9896 0.1154 0.1210 179.8931
M01447 2.9962 3.0722 389.1615 122.6327 329.8930 120.3403 0.0032 0.0038 0.0032 0.0013 15 21 0 0 2.6994 127.1937 30.0064 10.0671 0.2191 0.1140 180.0140
M01448 2.9926 3.0465 252.1181 86.5615 329.9864 120.4224 0.0029 0.0024 0.0020 0.0012 15 21 0 0 2.6580 127.7859 29.9970 10.0552 0.1165 0.0946 179.4489
M01450 3.0081 3.0513 226.0107 77.5918 329.8405 120.2803 0.0022 0.0025 0.0022 0.0009 15 21 0 0 2.6612 127.9016 30.0089 10.0076 0.1773 0.0819 179.9017
M01454 2.9558 3.0449 142.7711 5.2483 330.1078 119.8898 0.0031 0.0028 0.0024 0.0013 15 21 0 0 2.5421 129.8987 30.0228 9.9940 0.1147 0.0880 179.3937
M01455 2.9730 3.0748 278.3994 149.7217 330.0601 119.9290 0.0023 0.0023 0.0020 0.0010 15 21 0 0 2.5983 129.1468 30.0319 9.9751 0.0844 0.1102 180.2118
M01468 3.0061 3.0186 168.7144 86.6914 330.0407 54.0052 0.0018 0.0026 0.0124 0.0007 15 21 0 0 1.3297 154.4996 30.0106 4.9095 0.1714 1.2808 175.1604
M01470 3.0409 3.0130 372.7210 5.1932 330.1837 119.9193 0.0032 0.0033 0.0028 0.0013 15 21 0 0 2.6881 127.2807 29.9992 10.0272 0.1601 0.1161 180.0626
M01471 2.9432 2.9993 236.5529 5.1966 330.0874 120.4182 0.0031 0.0016 0.0014 0.0013 15 21 0 0 2.6043 128.0253 29.9505 10.0085 0.1773 0.0867 179.8092
M01473 3.0069 3.0219 304.7321 176.9091 329.8937 120.8444 0.0027 0.0027 0.0023 0.0011 15 21 0 0 2.6370 128.1243 29.9914 10.0532 0.0856 0.1077 179.7388
M01476 3.0750 3.0398 257.3473 59.4359 329.9854 120.4981 0.0020 0.0023 0.0019 0.0008 15 21 0 0 2.5552 130.6023 30.0407 10.0379 0.1487 0.1144 180.3116
M01478 2.9364 3.0936 309.8479 149.7235 330.1750 120.0990 0.0023 0.0033 0.0029 0.0009 15 21 0 0 2.5538 129.9704 30.0237 10.0096 0.0421 0.0831 180.4660
M01479 3.0914 3.0367 267.8196 23.3382 330.0379 119.8827 0.0042 0.0029 0.0025 0.0017 15 21 0 0 2.7331 127.0358 30.0368 9.9545 0.0749 0.0927 179.6906
M01480 3.2759 3.0312 309.9699 167.8197 330.0013 120.5285 0.0039 0.0027 0.0023 0.0016 15 21 0 0 2.9177 125.0552 29.9928 10.0193 0.1148 0.3347 178.1864
M01482 0.0000 0.0000 0.0000 0.0000 -9.0000 -9.0000 0.0000 0.0000 0.0000 0.0000 0 0 0 0 0.0000 0.0000 0.0000 0.0000 0.0000 0.0000 0.0000
M01483 2.9443 2.9944 90.7015 5.3127 329.9646 120.1552 0.0025 0.0021 0.0018 0.0010 15 21 0 0 2.5591 128.9565 30.0225 10.0133 0.1408 0.0820 180.2154
M01484 3.0303 3.0803 49.0157 5.3406 329.9097 97.9827 0.0025 0.0012 0.0014 0.0010 15 21 0 0 2.1179 139.4521 30.0278 8.5032 0.1244 2.2462 159.0887
M01485 0.0000 0.0000 0.0000 0.0000 -9.0000 -9.0000 0.0000 0.0000 0.0000 0.0000 0 0 0 0 0.0000 0.0000 0.0000 0.0000 0.0000 0.0000 0.0000
M01487 3.0558 3.0695 194.9024 41.4035 330.0078 119.9411 0.0021 0.0021 0.0018 0.0009 15 21 0 0 2.6063 129.6373 29.9892 10.0120 0.1093 0.1098 180.0740
M01489 0.0000 0.0000 0.0000 0.0000 -9.0000 -9.0000 0.0000 0.0000 0.0000 0.0000 0 0 0 0 0.0000 0.0000 0.0000 0.0000 0.0000 0.0000 0.0000
M01490 0.0000 0.0000 0.0000 0.0000 -9.0000 -9.0000 0.0000 0.0000 0.0000 0.0000 0 0 0 0 0.0000 0.0000 0.0000 0.0000 0.0000 0.0000 0.0000
M01491 2.9738 2.9872 310.1549 185.8874 329.8824 23.4427 0.0026 0.0025 0.0669 0.0011 15 21 0 0 1.2499 155.7938 29.9935 1.8663 0.1560 1.2104 168.4260
M01492 3.0062 2.9883 101.1148 41.4097 329.7565 120.5913 0.0023 0.0019 0.0016 0.0009 15 21 0 0 2.5346 129.9762 29.9682 10.0647 0.1447 0.0938 180.1719
M01493 3.0655 3.0107 325.4787 122.5924 330.0029 120.3704 0.0043 0.0032 0.0027 0.0018 15 21 0 0 2.6550 128.1913 29.9951 10.0159 0.1160 0.0973 179.9331
M01494 3.0715 3.0449 262.6393 32.3780 329.9636 120.3460 0.0040 0.0027 0.0023 0.0016 15 21 0 0 2.6383 128.8959 29.9848 10.0180 0.1226 0.7337 180.1019
M01496 3.0642 3.1419 153.1182 23.3929 329.8736 19.4708 0.0023 0.0028 0.1216 0.0009 15 14 0 7 1.9388 143.6203 29.9624 1.5033 0.1283 0.5343 144.3884
M01497 3.0102 3.1034 158.2805 68.7145 203.4254 118.5776 0.0024 0.0019 0.0017 0.0014 15 21 0 0 2.5601 130.5168 17.2472 9.9744 3.6963 0.4092 180.7437
M01500 3.0284 2.9582 121.8501 77.7076 330.0991 119.9184 0.0031 0.0023 0.0020 0.0013 15 21 0 0 2.6376 127.7348 30.0231 9.9944 0.1015 0.0666 179.8960
M01501 3.1525 3.0194 205.2641 41.3689 330.0909 120.1310 0.0023 0.0036 0.0031 0.0010 15 21 0 0 2.6987 128.1980 30.0024 10.0388 0.1244 0.0822 179.7923
M01502 2.9886 2.9929 189.6524 32.3874 330.0014 120.6397 0.0026 0.0023 0.0019 0.0011 15 21 0 0 2.7335 125.6147 30.0062 10.0478 0.1290 0.1298 178.0268
M01505 3.1006 3.0463 257.3288 77.5601 329.7933 119.9952 0.0018 0.0025 0.0021 0.0007 15 21 0 0 2.7353 127.1640 29.9745 9.9908 0.0753 0.0844 179.7922
M01507 3.0786 3.0691 315.1553 158.7297 330.0868 120.6089 0.0021 0.0030 0.0025 0.0009 15 21 0 0 2.5378 131.2387 30.0608 10.0896 0.1698 0.0802 180.5322
M01509 3.0445 2.9998 127.0526 68.7334 329.8109 120.1234 0.0027 0.0016 0.0014 0.0011 15 21 0 0 2.6258 128.5093 29.9615 9.9855 0.2111 0.1043 180.1749
M01511 3.0610 3.0701 288.6852 5.1906 329.9469 119.8987 0.0033 0.0020 0.0017 0.0013 15 21 0 0 2.7634 126.4207 29.9906 9.9863 0.2535 0.2160 179.1331
M01512 3.0046 3.0087 351.6570 59.4482 329.7325 120.2277 0.0024 0.0020 0.0017 0.0010 15 21 0 0 2.6241 128.2524 29.9788 10.0319 0.1352 0.0954 179.7201
M01514 3.0132 3.0377 137.5414 86.7897 330.0662 120.1944 0.0028 0.0030 0.0025 0.0012 15 21 0 0 2.7002 126.9956 30.0379 9.9647 0.1863 0.1501 179.4782
M01515 3.0770 3.0157 288.6722 59.3917 330.0804 100.4033 0.0035 0.0031 0.0043 0.0014 15 19 0 2 2.6500 128.4479 29.9663 10.0661 0.1774 0.0799 180.2331
M01516 3.0077 3.0647 142.6688 95.8080 329.8016 119.9956 0.0030 0.0025 0.0022 0.0012 15 21 0 0 2.6258 128.7677 29.9405 9.9808 0.1409 0.0774 179.7731
M01517 3.0095 3.0382 309.9364 167.8082 329.6692 120.4864 0.0025 0.0023 0.0020 0.0010 15 21 0 0 2.5823 129.4492 29.9740 10.0562 0.1072 0.1063 179.6286
M01519 3.1329 3.0226 330.7495 113.5439 329.9994 120.1256 0.0028 0.0037 0.0032 0.0012 15 21 0 0 2.7547 126.8685 29.9566 10.0086 0.1325 0.1164 179.4755
M01521 3.0023 2.9480 262.5862 104.5762 329.6834 123.8048 0.0089 0.0104 0.0084 0.0036 15 21 0 0 2.7696 124.5306 29.8902 10.2906 0.5697 0.4861 178.3904
M01522 2.8723 3.0168 310.1374 185.9024 330.2704 120.2121 0.0024 0.0035 0.0030 0.0010 15 21 0 0 2.0935 138.4441 30.0216 10.0348 0.2228 0.1258 179.9641
M01523 3.0380 3.0260 142.7093 41.5034 330.2001 120.8986 0.0024 0.0029 0.0025 0.0010 15 21 0 0 2.5805 129.6298 29.9740 10.0860 0.2977 0.0629 180.1548
M01524 3.0347 3.0481 179.1765 50.5143 330.0626 120.1076 0.0022 0.0020 0.0017 0.0009 15 21 0 0 2.4741 132.0011 29.9947 10.0143 0.1215 0.0641 179.8940
M01525 3.2935 3.0323 293.9140 86.4813 330.3000 121.5285 0.0102 0.0057 0.0047 0.0042 15 21 0 0 2.9679 124.2224 30.0305 10.1120 0.2253 0.5479 177.7339
M01527 3.0227 3.0426 299.1378 41.4080 329.8517 120.2720 0.0027 0.0024 0.0020 0.0011 15 21 0 0 2.6607 127.9614 29.9585 10.0434 0.2158 0.0619 179.8963
M01530 2.9876 3.0922 163.5590 23.2912 330.0130 119.8579 0.0025 0.0023 0.0020 0.0010 15 21 0 0 2.5659 130.1106 29.9599 9.9972 0.1932 0.0701 179.6765
M01535 2.9992 3.0644 283.4921 32.3756 330.1184 120.2157 0.0042 0.0022 0.0019 0.0017 15 21 0 0 2.6266 128.6756 30.0287 10.0240 0.1134 0.0879 179.7493
M01536 3.0883 3.0614 288.7710 113.5447 330.0244 120.5036 0.0024 0.0022 0.0019 0.0010 15 21 0 0 2.7361 127.1677 29.9783 10.0555 0.1182 0.0823 179.7568
M01537 3.1389 3.0889 278.2847 5.2141 329.8935 120.2694 0.0020 0.0020 0.0017 0.0008 15 21 0 0 2.9680 123.0837 29.9876 10.0151 0.0972 0.8377 175.9586
M01538 3.0268 2.9806 142.7111 77.8319 329.9118 120.3324 0.0023 0.0021 0.0018 0.0010 15 21 0 0 2.6356 127.9609 29.9931 10.0479 0.0889 0.0730 179.8423
M01539 3.0552 3.0681 294.1772 158.7979 329.8406 119.8481 0.0024 0.0025 0.0022 0.0010 15 21 0 0 2.6550 128.6094 29.9845 10.0062 0.1334 0.1058 180.3382
M01540 3.3945 3.0563 147.8959 68.7044 329.8605 119.8321 0.0024 0.0018 0.0015 0.0010 15 21 0 0 2.9845 125.1855 30.0104 9.9635 0.0916 0.4647 177.6873
M01541 3.0670 3.0642 273.0578 32.2713 329.9571 120.0381 0.0025 0.0020 0.0017 0.0010 15 21 0 0 2.6226 129.3508 29.9501 9.9923 0.1644 0.1120 179.9216
M01543 3.1165 3.0436 262.5696 32.2804 330.0193 120.1521 0.0025 0.0021 0.0018 0.0010 15 21 0 0 2.7713 126.5446 29.9938 10.0122 0.1247 0.1341 179.2287
M01544 3.0196 3.0467 179.2168 32.3796 329.8832 120.4899 0.0016 0.0027 0.0023 0.0006 15 21 0 0 2.6364 128.4823 29.9858 10.0343 0.0547 0.0950 180.3325
M01545 3.0309 3.0166 288.6809 41.3705 330.1243 119.9514 0.0027 0.0028 0.0024 0.0011 15 21 0 0 2.6065 128.9390 30.0297 9.9797 0.1452 0.0914 179.7355
M01546 3.0910 3.0182 278.2242 59.3906 330.0160 120.5003 0.0022 0.0030 0.0025 0.0009 15 21 0 0 2.5537 130.6003 29.9758 10.0677 0.1124 0.1043 180.3538
M01547 2.9369 3.0044 268.0075 167.7945 329.4279 122.4035 0.0098 0.0056 0.0046 0.0040 15 21 0 0 2.5607 128.9528 29.9965 10.2023 0.5201 0.2518 180.3312
M01548 3.0366 3.0939 357.4207 158.8175 329.7466 120.7113 0.0055 0.0033 0.0028 0.0023 15 21 0 0 2.7520 126.6626 29.9576 10.0721 0.0947 0.1298 179.5882
M01549 2.9491 3.0370 331.0847 167.7544 330.0639 120.3706 0.0032 0.0030 0.0025 0.0013 15 21 0 0 2.0867 139.2300 30.0216 10.0333 0.1291 0.1012 180.4325
M01551 3.0182 3.0387 289.0995 185.8792 330.0649 119.8331 0.0023 0.0021 0.0018 0.0009 15 21 0 0 2.5996 129.1676 30.0319 9.9923 0.1826 0.0875 179.9333
M01553 3.1199 3.0325 168.7243 50.4792 330.0026 119.7872 0.0024 0.0020 0.0017 0.0010 15 21 0 0 2.6972 128.0204 30.0516 10.0027 0.1727 0.0637 180.4114
M01555 3.0205 3.0323 267.8354 5.1464 329.9967 119.9818 0.0022 0.0022 0.0019 0.0009 15 21 0 0 2.5930 129.2686 30.0001 10.0003 0.1794 0.0910 180.0403
M01556 2.9196 3.0195 293.9380 104.5045 329.2567 120.5653 0.0088 0.0051 0.0044 0.0036 15 21 0 0 2.6249 127.5742 29.9405 10.0931 0.3576 0.1867 179.4490
M01557 3.0124 3.0482 325.8566 176.8709 329.9831 120.0960 0.0030 0.0026 0.0022 0.0012 15 21 0 0 2.6068 129.0534 30.0101 10.0014 0.1517 0.0838 180.2796
M01559 3.0498 3.0436 278.5905 185.9116 330.0144 120.1537 0.0022 0.0022 0.0019 0.0009 15 21 0 0 2.6907 127.5902 29.9945 10.0371 0.1679 0.0818 180.1073
M01560 3.0369 3.0315 194.8350 59.6484 329.7755 120.3259 0.0024 0.0021 0.0018 0.0010 15 21 0 0 2.6817 127.5485 29.9927 10.0295 0.1913 0.1080 180.3844
M01561 3.0355 3.0602 158.3504 50.4558 329.8819 120.0565 0.0024 0.0022 0.0019 0.0010 15 21 0 0 2.6247 128.9918 29.9423 10.0252 0.1059 0.1066 179.9886
M01562 3.0869 3.0711 288.7001 23.2854 330.0290 119.7089 0.0034 0.0021 0.0018 0.0014 15 21 0 0 2.7363 127.2372 29.9940 9.9688 0.0728 0.0792 179.7683
M01563 3.2438 3.0393 257.4029 5.2497 330.1643 119.9855 0.0021 0.0023 0.0020 0.0009 15 21 0 0 2.9007 125.1280 30.0169 10.0122 0.1403 0.5669 177.5104
M01565 3.0033 3.0616 299.1358 41.3314 330.0707 120.2432 0.0033 0.0027 0.0023 0.0014 15 21 0 0 2.5465 130.3590 29.9886 10.0150 0.1521 0.0859 180.1027
M01566 3.0836 3.0344 95.8499 32.4217 330.0222 119.8811 0.0024 0.0022 0.0019 0.0010 15 21 0 0 2.6192 129.3133 29.9937 9.9949 0.1407 0.0900 179.6820
M01567 3.0123 3.1189 189.6438 50.5599 330.1618 120.3605 0.0028 0.0028 0.0024 0.0012 15 21 0 0 2.6746 128.3093 29.9799 10.0401 0.1530 0.0801 180.2681
M01568 3.1048 3.0323 351.7648 95.5051 330.1971 120.3904 0.0050 0.0027 0.0023 0.0021 15 21 0 0 2.8008 125.7091 30.0363 10.0099 0.0910 0.3381 178.5443
M01569 3.0463 3.0910 153.0993 95.7714 330.1556 119.9671 0.0023 0.0029 0.0025 0.0009 15 21 0 0 2.6403 129.0445 30.0140 9.9960 0.1440 0.0859 179.9848
M01579 3.0340 3.0992 267.7504 59.4402 329.8116 120.1768 0.0020 0.0026 0.0023 0.0008 15 21 0 0 2.6791 128.2106 29.9998 9.9974 0.1314 0.0804 179.8221
