nb/pos_calib/new_cals100841.ecsv
# %ECSV 0.9
# ---
# datatype:
# - {name: pos_id, datatype: string}
# - {name: length_r1, datatype: float32, format: 6.4f}
# - {name: length_r2, datatype: float32, format: 6.4f}
# - {name: offset_x, datatype: float32, format: 6.4f}
# - {name: offset_y, datatype: float32, format: 6.4f}
# - {name: arc_t, datatype: float32, format: 6.4f}
# - {name: arc_p, datatype: float32, format: 6.4f}
# - {name: rms_t, datatype: float32, format: 6.4f}
# - {name: rms_p, datatype: float32, format: 6.4f}
# - {name: err.length_r2, datatype: float32, format: 6.4f}
# - {name: err.offset_xy, datatype: float32, format: 6.4f}
# - {name: nfit_t, datatype: float32, format: 2.0f}
# - {name: nfit_p, datatype: float32, format: 2.0f}
# - {name: nprune_t, datatype: float32, format: 2.0f}
# - {name: nprune_p, datatype: float32, format: 2.0f}
# - {name: theta_arc_radius, datatype: float32, format: 6.4f}
# - {name: theta_arc_phi, datatype: float32, format: 6.4f}
# - {name: median_angstep_t, datatype: float32, format: 6.4f}
# - {name: median_angstep_p, datatype: float32, format: 6.4f}
# - {name: rms_angstep_t, datatype: float32, format: 6.4f}
# - {name: rms_angstep_p, datatype: float32, format: 6.4f}
# - {name: max_p, datatype: float32, format: 6.4f}
# schema: astropy-2.0
pos_id length_r1 length_r2 offset_x offset_y arc_t arc_p rms_t rms_p err.length_r2 err.offset_xy nfit_t nfit_p nprune_t nprune_p theta_arc_radius theta_arc_phi median_angstep_t median_angstep_p rms_angstep_t rms_angstep_p max_p
[from data line 2380]
M04416 0.0000 0.0000 0.0000 0.0000 -9.0000 -9.0000 0.0000 0.0000 0.0000 0.0000 0 0 0 0 0.0000 0.0000 0.0000 0.0000 0.0000 0.0000 0.0000
M04417 2.7829 3.1057 362.8557 167.8370 299.9260 109.5635 0.0014 0.0027 0.0036 0.0007 11 12 3 8 1.5350 150.4254 30.1387 9.9966 14.8507 17.1238 180.6548
M04418 0.0000 0.0000 0.0000 0.0000 -9.0000 -9.0000 0.0000 0.0000 0.0000 0.0000 0 0 0 0 0.0000 0.0000 0.0000 0.0000 0.0000 0.0000 0.0000
M04419 2.9922 3.0810 121.9020 5.2256 299.9624 109.7798 0.0015 0.0018 0.0023 0.0007 11 12 3 8 1.5501 150.4707 30.1963 10.0389 14.7584 17.1783 180.7880
M04420 2.8848 3.1224 236.4738 5.2135 299.2536 109.4427 0.0020 0.0027 0.0037 0.0010 11 12 3 8 1.5589 150.2549 30.1264 9.9848 14.7413 17.2163 179.9886
M04421 3.0221 3.1381 388.8814 86.5013 299.7753 110.1056 0.0016 0.0022 0.0029 0.0008 11 12 3 8 1.5866 150.2254 30.0941 10.0293 14.7855 17.2159 179.9213
M04422 0.0000 0.0000 0.0000 0.0000 -9.0000 -9.0000 0.0000 0.0000 0.0000 0.0000 0 0 0 0 0.0000 0.0000 0.0000 0.0000 0.0000 0.0000 0.0000
M04423 2.9497 3.0467 335.8987 68.3661 269.5874 110.6491 0.0038 0.0027 0.0036 0.0021 10 12 4 8 1.5677 149.7445 44.8229 10.0956 14.8262 17.3462 179.5141
M04424 2.9613 3.0866 293.8810 32.2745 269.4150 109.9480 0.0009 0.0017 0.0023 0.0005 10 12 4 8 1.5640 150.1178 44.7527 9.9982 14.8940 17.2745 180.1999
M04425 2.8915 3.0583 252.1342 86.5557 300.3615 109.9771 0.0022 0.0026 0.0035 0.0011 11 12 3 8 1.5250 150.4676 30.2122 10.0527 14.9142 17.2065 180.3408
M04426 2.9622 3.0823 246.8809 95.5844 300.0981 110.2182 0.0023 0.0020 0.0027 0.0012 11 12 3 8 1.5402 150.5612 30.1477 10.0844 14.8931 17.2537 180.2240
M04427 3.0300 3.0866 246.9196 113.6414 300.0291 110.1407 0.0017 0.0011 0.0015 0.0009 11 12 3 8 1.5559 150.5448 30.1775 10.0413 14.9094 17.2430 180.3794
M04428 3.0380 3.0609 153.2067 5.2041 299.7604 110.2335 0.0021 0.0015 0.0020 0.0011 11 12 3 8 1.6006 149.5733 30.0388 10.0738 14.8406 17.2277 179.2032
M04429 2.9335 3.1197 147.8674 68.6473 270.1051 109.9395 0.0014 0.0026 0.0035 0.0008 10 12 4 8 1.5817 149.9062 45.0002 10.0366 15.0924 17.1641 180.0477
M04430 3.0240 3.0661 257.3734 113.6101 270.1230 110.0849 0.0012 0.0011 0.0015 0.0007 10 12 4 8 1.5812 149.9132 44.9544 10.0441 14.9815 17.2218 180.2884
M04431 3.0002 3.0806 59.4528 23.3194 299.5318 109.8415 0.0017 0.0018 0.0024 0.0008 11 12 3 8 1.5545 150.4156 30.0183 10.0422 14.8500 17.2185 180.3790
M04432 3.0418 3.0505 225.9961 95.6285 299.4405 110.0568 0.0020 0.0014 0.0019 0.0010 11 12 3 8 1.5803 149.9330 30.2087 10.0329 14.8263 17.2142 180.4893
M04433 2.9969 3.0688 262.6324 14.2501 299.9353 109.9351 0.0016 0.0014 0.0018 0.0008 11 12 3 8 1.5736 149.9578 30.1417 10.0493 14.7361 17.2584 179.6856
M04434 2.9865 3.0594 325.3867 86.4110 269.7216 109.7550 0.0020 0.0015 0.0021 0.0011 10 12 4 8 1.5709 149.9121 44.9300 10.0101 14.9585 17.1877 179.5119
M04435 2.9925 3.0981 299.1540 95.5523 299.6342 109.7695 0.0012 0.0015 0.0020 0.0006 11 12 3 8 1.5648 150.2898 30.1660 10.0295 14.7655 17.2207 180.4490
M04436 2.9511 3.0683 330.6204 77.4513 299.8257 109.1256 0.0022 0.0015 0.0019 0.0011 11 13 3 7 1.5332 150.5704 30.2208 9.9774 14.8080 9.4517 179.8387
M04437 2.9606 3.0892 273.2545 176.8714 299.6375 109.9518 0.0016 0.0020 0.0027 0.0008 11 12 3 8 1.5429 150.5461 30.0557 10.0210 14.8235 17.1975 180.3700
M04439 2.9786 3.1152 362.1500 23.3367 299.8977 110.0815 0.0012 0.0020 0.0027 0.0006 11 12 3 8 1.6042 149.5797 29.9737 10.0418 14.9057 17.2587 179.7716
M04440 2.9933 3.0569 215.6684 131.8202 299.9228 109.7104 0.0012 0.0012 0.0016 0.0006 11 12 3 8 1.5719 149.9060 30.0400 10.0075 14.8895 17.1366 179.8111
M04441 3.0496 3.1168 378.0429 32.3669 299.3745 109.9270 0.0035 0.0015 0.0020 0.0018 11 12 3 8 1.6226 149.5124 30.1696 10.0413 14.7861 17.2864 179.9268
M04442 2.9639 3.0886 226.1610 131.7498 299.7301 110.0008 0.0024 0.0031 0.0041 0.0012 11 12 3 8 1.5709 150.0050 30.0178 10.0388 14.8274 17.1966 180.0200
M04443 2.9498 3.0824 257.4633 149.7611 269.8010 110.2330 0.0022 0.0016 0.0021 0.0012 10 12 4 8 1.5706 149.9189 44.7647 10.0323 14.8062 17.2318 179.8005
M04444 3.1115 3.0781 262.6950 158.8138 269.5635 110.1035 0.0027 0.0026 0.0035 0.0015 10 12 4 8 1.6047 149.9536 44.9191 10.0310 14.9285 17.2591 179.3217
M04446 2.9965 3.0733 283.4119 68.4408 300.0645 110.6097 0.0013 0.0024 0.0032 0.0006 11 12 3 8 1.5681 150.0906 30.3049 10.0794 14.7039 17.2909 180.0079
M04447 2.9686 3.1088 90.6334 23.2764 299.9102 109.8356 0.0011 0.0014 0.0019 0.0005 11 12 3 8 1.5757 150.0609 30.1542 10.0513 14.7621 17.2257 180.1570
M04448 2.9536 3.0664 194.8363 95.7099 299.7668 109.7946 0.0017 0.0009 0.0013 0.0008 11 12 3 8 1.5392 150.4488 30.1126 10.0005 14.8351 17.1444 180.5163
M04450 3.0490 3.0852 174.0148 95.7337 300.1710 109.5177 0.0014 0.0023 0.0031 0.0007 11 12 3 8 1.6019 149.7321 30.2403 10.0041 15.0096 17.0920 179.8427
M04451 0.0000 0.0000 0.0000 0.0000 -9.0000 -9.0000 0.0000 0.0000 0.0000 0.0000 0 0 0 0 0.0000 0.0000 0.0000 0.0000 0.0000 0.0000 0.0000
M04452 3.0900 3.0616 90.7130 5.2634 300.4089 110.5371 0.0014 0.0014 0.0016 0.0007 11 14 3 6 1.5955 149.9399 30.0975 10.0098 14.9222 16.2975 175.3816
M04453 2.9991 3.0936 184.3961 113.8069 300.4350 110.0307 0.0018 0.0017 0.0022 0.0009 11 12 3 8 1.5893 149.8100 30.2036 10.0534 14.8605 17.2137 180.2796
M04454 3.0257 3.0659 210.4906 122.7501 300.3450 109.8243 0.0027 0.0022 0.0030 0.0014 11 12 3 8 1.5673 150.1912 30.1314 10.0250 14.8733 17.1833 179.6166
M04455 2.9823 3.0990 200.0831 122.8476 300.1375 110.0497 0.0028 0.0021 0.0028 0.0014 11 12 3 8 1.5914 149.7378 30.2877 10.0131 14.8554 17.1868 180.0884
M04456 2.9088 3.1077 179.1666 86.7404 300.8509 109.8349 0.0024 0.0011 0.0015 0.0012 11 12 3 8 1.5543 150.2929 30.1059 10.0051 14.9414 17.2184 180.5584
M04457 2.9887 3.0334 194.8943 113.8537 300.2550 110.0062 0.0018 0.0018 0.0024 0.0009 11 12 3 8 1.5877 149.4386 30.1537 10.0396 14.8423 17.2130 179.0336
M04458 2.9960 3.0805 163.5597 95.7890 300.1116 110.1200 0.0026 0.0014 0.0018 0.0013 11 12 3 8 1.5906 149.6912 30.3474 10.0676 14.7977 17.2302 180.1918
M04459 3.0005 3.1053 184.4401 95.7784 299.8220 109.4341 0.0009 0.0018 0.0024 0.0005 11 12 3 8 1.5961 149.7550 30.1263 9.9762 14.8049 17.1822 179.1244
M04460 3.0302 3.0887 205.2914 113.7511 299.3801 109.8557 0.0020 0.0008 0.0011 0.0010 11 12 3 8 1.5656 150.3704 30.1222 9.9995 14.7396 17.2110 179.8613
M04461 3.0972 3.1136 362.1610 5.2121 300.4077 110.5836 0.0016 0.0016 0.0017 0.0008 11 19 3 1 1.5991 150.1617 30.3696 10.0019 14.9292 2.5931 176.5413
M04462 3.2725 3.0906 205.2366 95.7095 299.8990 109.6860 0.0021 0.0014 0.0015 0.0011 11 19 3 1 1.6284 150.5223 30.1379 10.0368 14.8503 3.1233 172.0785
M04463 2.9627 3.0668 194.7933 113.7527 270.0681 110.2655 0.0010 0.0026 0.0035 0.0006 10 12 4 8 1.5536 150.2007 45.0330 10.0491 15.0245 17.2277 180.7633
M04464 3.1497 3.0494 194.8068 41.3651 300.6570 110.1721 0.0019 0.0026 0.0035 0.0010 11 12 3 8 1.5945 150.2469 30.1625 10.0864 14.9136 17.2542 180.2147
M04465 3.0912 3.1133 184.2968 59.5698 299.6986 109.8065 0.0019 0.0013 0.0018 0.0010 11 12 3 8 1.5963 150.1853 30.2073 10.0196 14.6918 17.1806 179.9173
M04466 2.9974 3.1280 189.5903 68.5935 299.9149 110.1385 0.0018 0.0023 0.0030 0.0009 11 12 3 8 1.5757 150.2847 30.0083 10.0446 14.9011 17.2191 179.8789
M04467 2.9512 3.0535 220.9330 140.8312 300.5630 109.9591 0.0013 0.0020 0.0027 0.0007 11 12 3 8 1.5722 149.7039 30.0576 10.0377 15.0196 17.2145 179.7460
M04468 3.0186 3.0832 241.7851 140.7245 300.6096 109.9019 0.0024 0.0015 0.0020 0.0012 11 12 3 8 1.5887 149.8402 30.1276 10.0065 14.9446 17.2076 179.7788
M04469 3.1612 3.1162 378.5558 140.7487 299.9639 111.2934 0.0010 0.0013 0.0014 0.0005 11 19 3 1 1.6136 150.2219 30.1549 10.0695 14.8325 2.9605 173.2267
M04470 3.0277 3.1114 283.4322 86.4427 300.0052 110.1019 0.0014 0.0026 0.0034 0.0007 11 12 3 8 1.6141 149.5530 30.0589 10.0457 14.8826 17.2375 179.2308
M04471 2.9790 3.1267 388.6180 14.2616 300.1049 109.8080 0.0025 0.0016 0.0021 0.0013 11 12 3 8 1.5921 149.8954 30.3545 10.0219 14.7558 17.1748 179.9474
M04473 3.0329 3.0322 189.5552 104.7396 270.7527 109.9521 0.0016 0.0012 0.0016 0.0009 10 12 4 8 1.5693 150.0088 45.1152 10.0801 15.0288 17.2519 179.7662
M04474 3.1312 3.0939 288.6662 41.2978 270.2446 110.2595 0.0020 0.0019 0.0026 0.0011 10 12 4 8 1.6034 150.1558 44.9983 10.0539 14.9755 17.2599 179.9811
M04475 3.0362 3.0066 173.8999 113.8208 269.6375 110.4492 0.0018 0.0011 0.0014 0.0010 10 12 4 8 1.5813 149.6644 44.7401 10.0537 14.9082 17.2994 179.3190
M04476 2.9717 3.0777 147.9648 32.4037 300.4232 109.8677 0.0009 0.0011 0.0014 0.0005 11 12 3 8 1.5603 150.1712 30.0695 10.0294 14.9556 17.2316 180.2779
M04477 3.0003 3.0815 205.2666 23.3000 300.1062 109.9360 0.0017 0.0015 0.0020 0.0009 11 12 3 8 1.5683 150.1522 30.3288 10.0335 14.7003 17.2138 179.7495
M04478 0.0000 0.0000 0.0000 0.0000 -9.0000 -9.0000 0.0000 0.0000 0.0000 0.0000 0 0 0 0 0.0000 0.0000 0.0000 0.0000 0.0000 0.0000 0.0000
M04479 2.9766 3.0740 257.4174 5.1996 270.2108 109.8828 0.0015 0.0008 0.0011 0.0008 10 12 4 8 1.5667 150.0428 44.9885 10.0180 15.0140 17.2457 180.1417
M04480 3.0949 3.0315 278.3568 149.6937 270.2592 110.0855 0.0016 0.0024 0.0032 0.0009 10 12 4 8 1.5990 149.7641 45.0297 10.0152 15.1125 17.2439 180.0295
M04481 3.2073 3.0804 267.8086 113.5737 300.2112 111.1389 0.0023 0.0017 0.0021 0.0012 11 14 3 6 1.6236 150.1584 30.4174 10.0958 14.7539 16.2174 180.1546
M04482 3.0379 3.0857 168.7348 104.7847 269.9298 109.9258 0.0014 0.0018 0.0024 0.0008 10 12 4 8 1.5911 149.8930 44.9171 10.0147 15.0758 17.2364 179.9193
M04483 2.9484 3.0467 163.5926 5.1596 300.3860 109.6928 0.0019 0.0007 0.0010 0.0010 11 12 3 8 1.5725 149.6433 30.3020 9.9715 14.7830 17.1824 179.4854
M04484 2.9773 3.0545 278.3076 131.6157 269.9178 109.6317 0.0025 0.0025 0.0033 0.0014 10 12 4 8 1.5710 149.8420 44.9209 10.0291 15.0050 17.2015 179.9306
M04485 2.9336 3.0464 132.2920 59.6677 300.0472 109.9074 0.0016 0.0017 0.0023 0.0008 11 12 3 8 1.5602 149.8274 30.2058 10.0286 14.8997 17.1929 180.0696
M04486 2.9113 3.1023 267.7933 113.6101 269.9291 109.6918 0.0020 0.0018 0.0025 0.0011 10 12 4 8 1.5595 150.1553 44.9599 10.0094 14.9544 17.2014 180.1226
M04487 2.9643 3.1750 278.2027 95.4614 270.3416 110.2133 0.0013 0.0013 0.0017 0.0007 10 12 4 8 1.6090 149.8619 45.0791 10.0350 14.9441 17.2371 179.5831
M04488 2.9763 3.0815 231.3158 122.7340 300.4097 110.1009 0.0021 0.0021 0.0028 0.0011 11 12 3 8 1.5487 150.4403 30.1723 10.0159 14.9196 17.2508 180.1941
M04489 2.9990 3.0785 272.9855 68.4251 300.5295 109.7952 0.0020 0.0016 0.0022 0.0010 11 12 3 8 1.5472 150.5405 30.2189 9.9917 14.8926 17.2310 180.0689
M04490 3.0181 3.0634 252.1455 50.3665 300.5193 109.1273 0.0008 0.0010 0.0013 0.0004 11 12 3 8 1.5845 149.8066 30.0376 9.9890 14.9475 17.0783 179.2152
M04491 2.9947 3.0809 346.3300 50.3603 299.4657 110.5869 0.0037 0.0022 0.0028 0.0019 11 12 3 8 1.5946 149.6111 30.0879 10.0978 14.8353 17.3158 180.0266
M04492 3.0465 3.0455 283.7000 176.8463 299.8032 109.8447 0.0016 0.0016 0.0019 0.0008 11 15 3 5 1.5709 150.1141 30.0940 10.0166 14.7882 8.9885 177.7856
M04493 0.0000 0.0000 0.0000 0.0000 -9.0000 -9.0000 0.0000 0.0000 0.0000 0.0000 0 0 0 0 0.0000 0.0000 0.0000 0.0000 0.0000 0.0000 0.0000
M04495 2.9726 3.1413 372.7672 59.3796 299.7959 109.7902 0.0025 0.0028 0.0037 0.0012 11 12 3 8 1.5972 149.8734 30.2713 9.9687 14.7720 17.2269 179.7743
M04497 0.0000 0.0000 0.0000 0.0000 -9.0000 -9.0000 0.0000 0.0000 0.0000 0.0000 0 0 0 0 0.0000 0.0000 0.0000 0.0000 0.0000 0.0000 0.0000
M04498 2.9234 3.1174 372.9167 95.4917 300.3827 109.9603 0.0018 0.0021 0.0028 0.0009 11 12 3 8 1.5495 150.4984 30.3990 10.0273 14.7343 17.2133 180.9818
M04499 0.0000 0.0000 0.0000 0.0000 -9.0000 -9.0000 0.0000 0.0000 0.0000 0.0000 0 0 0 0 0.0000 0.0000 0.0000 0.0000 0.0000 0.0000 0.0000
M04500 2.9612 3.0753 210.4322 104.6832 300.4353 109.3896 0.0015 0.0012 0.0016 0.0007 11 12 3 8 1.5710 149.9062 30.1755 9.9916 14.8098 17.0661 179.8049
M04501 2.9755 3.1272 262.7358 158.7782 299.5922 109.7019 0.0024 0.0009 0.0011 0.0012 11 12 3 8 1.5737 150.2458 30.2541 10.0067 14.7014 17.1563 180.3944
M04502 2.9687 3.0903 331.0769 167.7403 269.5346 110.0623 0.0015 0.0022 0.0029 0.0008 10 12 4 8 1.5778 149.8982 44.8612 10.0387 14.8801 17.2969 179.9057
M04503 2.9143 3.1012 210.4068 86.6376 300.0420 109.8207 0.0017 0.0014 0.0019 0.0009 11 12 3 8 1.5730 149.8884 30.2521 10.0420 14.9254 17.3003 179.3606
M04504 2.9711 3.0947 367.9371 140.7197 269.5861 109.9147 0.0018 0.0012 0.0016 0.0010 10 12 4 8 1.5643 150.1993 44.9839 10.0195 14.9280 17.1898 180.2264
M04505 3.0118 3.0629 299.1721 23.2557 299.7711 110.1474 0.0024 0.0024 0.0032 0.0012 11 12 3 8 1.5588 150.2771 30.1216 10.0323 14.7967 17.2420 179.8403
M04506 3.0083 3.0617 362.3612 95.4664 299.8205 110.1785 0.0016 0.0015 0.0020 0.0008 11 12 3 8 1.5688 150.0596 30.2068 10.0396 14.7436 17.2059 180.4886
M04507 0.0000 0.0000 0.0000 0.0000 -9.0000 -9.0000 0.0000 0.0000 0.0000 0.0000 0 0 0 0 0.0000 0.0000 0.0000 0.0000 0.0000 0.0000 0.0000
M04508 0.0000 0.0000 0.0000 0.0000 -9.0000 -9.0000 0.0000 0.0000 0.0000 0.0000 0 0 0 0 0.0000 0.0000 0.0000 0.0000 0.0000 0.0000 0.0000
M04509 3.0558 3.0772 231.3814 158.8449 300.2414 109.7190 0.0025 0.0017 0.0023 0.0013 11 12 3 8 1.5976 149.8033 30.3180 10.0095 14.7591 17.1503 179.8327
M04510 2.9739 3.0464 226.0312 77.5834 299.8219 109.6616 0.0020 0.0018 0.0024 0.0010 11 12 3 8 1.5489 150.2147 30.1923 9.9855 14.8468 17.1475 180.5082
M04511 2.9994 3.1156 362.1481 23.3055 299.6957 110.2508 0.0012 0.0015 0.0020 0.0006 11 12 3 8 1.5979 149.7804 30.0108 10.0738 14.8153 17.2302 179.8665
M04512 2.9412 3.1104 346.6961 140.6154 269.4688 109.9128 0.0018 0.0026 0.0035 0.0010 10 12 4 8 1.5838 149.8213 44.8557 10.0363 14.9696 17.2070 179.6167
M04514 2.9875 3.1598 404.6058 23.2167 270.7015 109.5364 0.0022 0.0011 0.0015 0.0012 10 12 4 8 1.5857 150.2719 44.9570 9.9776 15.1013 17.1547 180.2838
M04515 0.0000 0.0000 0.0000 0.0000 -9.0000 -9.0000 0.0000 0.0000 0.0000 0.0000 0 0 0 0 0.0000 0.0000 0.0000 0.0000 0.0000 0.0000 0.0000
M04516 2.9889 3.0778 341.4825 149.6252 299.8717 110.0181 0.0021 0.0020 0.0027 0.0011 11 12 3 8 1.5805 149.8439 30.2254 10.0546 14.8278 17.2263 179.6611
M04517 2.9627 3.0241 283.6503 158.7760 300.0478 110.0686 0.0022 0.0029 0.0039 0.0011 11 12 3 8 1.5441 150.1301 30.2203 10.0336 14.8305 17.2250 180.4751
M04519 0.0000 0.0000 0.0000 0.0000 -9.0000 -9.0000 0.0000 0.0000 0.0000 0.0000 0 0 0 0 0.0000 0.0000 0.0000 0.0000 0.0000 0.0000 0.0000
M04520 2.9516 3.0169 257.4010 131.6593 300.2552 109.8715 0.0026 0.0015 0.0020 0.0013 11 12 3 8 1.5633 149.6563 30.0549 10.0042 14.9541 17.2128 179.7257
M04522 2.9383 3.0796 283.4807 32.2923 269.4110 109.6147 0.0017 0.0020 0.0026 0.0010 10 12 4 8 1.5496 150.2747 44.8713 10.0079 14.8483 17.1996 179.8142
M04523 2.9739 3.0763 231.2282 50.4486 299.6208 109.6486 0.0019 0.0013 0.0017 0.0010 11 12 3 8 1.5788 149.8087 30.1279 10.0055 14.7826 17.2063 179.8420
M04524 2.9973 3.0394 111.3826 59.5899 300.2421 110.2554 0.0021 0.0015 0.0020 0.0011 11 12 3 8 1.5746 149.7713 30.3600 10.0601 14.8091 17.2450 179.8327
M04525 3.0943 3.0765 262.6044 32.2776 270.5164 109.7589 0.0024 0.0015 0.0020 0.0013 10 12 4 8 1.5872 150.1921 44.9807 10.0112 14.9819 17.1974 180.0592
M04526 3.0180 3.0936 299.1423 95.4554 300.0988 110.2003 0.0036 0.0023 0.0030 0.0018 11 12 3 8 1.5629 150.3998 30.2380 10.0636 14.8905 17.2083 180.2487
M04527 3.0371 3.0832 341.0899 23.2946 300.4299 109.8804 0.0020 0.0019 0.0025 0.0010 11 12 3 8 1.5714 150.2572 30.3270 10.0036 14.7285 17.2352 179.9410
M04528 3.0442 3.0920 362.5664 131.6142 300.2604 109.9990 0.0019 0.0022 0.0029 0.0010 11 12 3 8 1.5911 149.9565 30.1838 10.0262 14.7935 17.2011 180.3833
M04529 0.0000 0.0000 0.0000 0.0000 -9.0000 -9.0000 0.0000 0.0000 0.0000 0.0000 0 0 0 0 0.0000 0.0000 0.0000 0.0000 0.0000 0.0000 0.0000
M04530 3.0142 3.0770 132.3566 23.3320 300.1349 110.4032 0.0027 0.0017 0.0022 0.0013 11 12 3 8 1.6026 149.5140 30.2692 10.0336 14.7599 17.3300 179.3512
